"","descriptor1","descriptor2","party1","party2","party3","party4","party5","party6","party7","party8","party9","party10","party11","party12","party13","party14","party15","party16","party17","party18","party19","party20","party21","party22","party23","party24","party25","party26","party27","party28","party29","party30","party31","party32"
"1",1,1,32,31,30,29,28,27,26,25,24,23,22,21,20,19,18,17,16,15,14,13,12,11,10,9,8,7,6,5,4,3,2,1
"2",0,1,1,2,3,4,5,6,7,10,9,8,16,11,26,13,30,12,32,29,15,27,14,23,31,28,20,25,17,22,24,19,21,18
"3",0,1,2,1,3,5,4,6,7,9,8,12,10,11,14,30,25,13,32,15,24,27,16,19,31,29,28,18,17,22,20,26,23,21
"4",1,1,32,31,30,29,28,27,26,25,24,23,22,21,20,19,18,17,16,15,14,13,12,11,10,9,8,7,6,5,4,3,2,1
"5",1,0,1,2,3,4,5,6,7,10,9,8,13,11,16,18,12,15,21,14,32,17,31,24,20,19,26,28,25,22,23,29,30,27
"6",1,1,32,31,30,29,28,27,26,25,24,23,22,21,20,19,18,17,16,15,14,13,12,11,10,9,8,7,6,5,4,3,2,1
"7",0,1,1,2,3,4,6,5,7,9,11,8,10,14,20,19,32,17,15,12,18,16,13,22,27,31,21,23,28,30,25,24,29,26
"8",1,1,32,31,30,29,28,27,26,25,24,23,22,21,20,19,18,17,16,15,14,13,12,11,10,9,8,7,6,5,4,3,2,1
"9",0,1,1,3,2,5,4,6,7,11,8,14,10,32,30,12,31,9,13,15,28,27,17,20,26,16,21,29,23,25,19,18,24,22
"10",1,0,1,2,3,7,4,5,6,9,10,8,12,14,11,13,18,16,32,31,17,15,27,29,23,30,28,26,24,22,20,25,19,21
"11",0,0,1,2,3,4,7,5,6,8,9,10,11,14,15,22,16,12,31,13,20,29,30,17,26,32,19,27,28,18,21,25,23,24
"12",1,1,32,31,30,29,28,27,26,25,24,23,22,21,20,19,18,17,16,15,14,13,12,11,10,9,8,7,6,5,4,3,2,1
"13",1,0,1,3,2,4,5,6,9,7,8,11,32,14,12,16,19,10,31,29,13,15,30,18,27,21,17,25,26,22,28,20,23,24
"14",1,1,32,31,30,29,28,27,26,25,24,23,22,21,20,19,18,17,16,15,14,13,12,11,10,9,8,7,6,5,4,3,2,1
"15",0,1,1,2,4,3,5,6,7,8,9,10,11,15,13,12,14,32,17,20,16,31,26,29,18,19,30,21,28,23,25,27,24,22
"16",0,0,1,2,3,5,4,6,7,8,9,14,10,12,11,15,18,32,16,13,31,17,23,21,22,19,24,20,26,25,28,29,27,30
"17",1,1,32,31,30,29,28,27,26,25,24,23,22,21,20,19,18,17,16,15,14,13,12,11,10,9,8,7,6,5,4,3,2,1
"18",0,0,1,2,3,5,4,6,7,9,31,8,10,30,11,32,12,14,15,17,13,21,29,24,25,18,26,16,20,27,22,28,19,23
"19",1,1,32,31,30,29,28,27,26,25,24,23,22,21,20,19,18,17,16,15,14,13,12,11,10,9,8,7,6,5,4,3,2,1
"20",1,1,32,31,30,29,28,27,26,25,24,23,22,21,20,19,18,17,16,15,14,13,12,11,10,9,8,7,6,5,4,3,2,1
"21",0,1,1,2,3,4,5,6,8,7,10,12,14,9,11,18,30,32,16,13,17,31,21,15,19,26,29,27,24,20,22,25,28,23
"22",1,0,1,2,3,6,4,5,9,32,7,8,11,12,15,10,13,31,14,30,17,20,18,24,29,16,28,26,25,27,22,23,21,19
"23",1,1,32,31,30,29,28,27,26,25,24,23,22,21,20,19,18,17,16,15,14,13,12,11,10,9,8,7,6,5,4,3,2,1
"24",1,0,1,3,2,4,5,8,6,7,9,27,32,10,14,11,12,15,13,17,31,30,28,16,19,29,18,25,23,22,26,20,24,21
"25",1,1,32,31,30,29,28,27,26,25,24,23,22,21,20,19,18,17,16,15,14,13,12,11,10,9,8,7,6,5,4,3,2,1
"26",1,0,1,2,3,4,8,5,6,7,10,9,12,15,13,14,11,29,20,16,21,23,17,18,30,24,31,32,19,26,22,28,27,25
"27",1,1,32,31,30,29,28,27,26,25,24,23,22,21,20,19,18,17,16,15,14,13,12,11,10,9,8,7,6,5,4,3,2,1
"28",0,0,2,1,3,4,31,6,5,9,7,8,10,11,32,13,12,15,22,19,30,21,14,16,20,24,18,17,23,29,25,27,28,26
"29",1,0,1,2,3,5,4,7,6,9,8,12,18,11,16,31,10,15,13,29,32,14,17,22,20,19,21,24,26,30,27,23,28,25
"30",0,1,1,2,3,4,5,10,6,12,8,7,32,9,11,31,16,13,30,17,23,14,18,15,29,20,27,26,25,28,24,21,19,22
"31",1,1,32,31,30,29,28,27,26,25,24,23,22,21,20,19,18,17,16,15,14,13,12,11,10,9,8,7,6,5,4,3,2,1
"32",1,0,1,3,2,4,5,7,9,6,32,8,10,31,12,22,11,14,15,18,13,16,30,23,21,29,17,19,24,27,20,26,28,25
"33",0,1,1,2,3,4,5,6,7,8,12,10,9,32,13,17,29,11,16,31,30,15,14,18,27,20,19,24,28,26,22,25,23,21
"34",0,0,1,2,3,4,6,7,8,5,9,12,26,31,32,10,13,17,11,30,29,19,15,25,27,14,28,16,22,18,23,20,21,24
"35",1,1,32,31,30,29,28,27,26,25,24,23,22,21,20,19,18,17,16,15,14,13,12,11,10,9,8,7,6,5,4,3,2,1
"36",0,0,1,4,2,3,5,29,6,9,8,7,11,32,12,19,31,10,13,26,30,27,14,24,22,25,28,20,21,23,18,15,17,16
"37",1,0,1,4,2,3,5,7,6,8,11,9,14,10,12,15,31,16,13,19,30,22,17,32,18,25,23,20,29,27,21,28,24,26
"38",0,1,1,2,3,4,5,6,8,7,32,9,10,13,14,11,30,12,28,31,21,29,26,27,25,24,23,16,15,17,19,18,20,22
"39",0,1,1,3,2,4,6,5,7,9,15,10,8,32,11,21,13,17,30,12,14,29,26,28,16,18,31,27,22,25,20,24,19,23
"40",0,0,1,2,3,4,6,5,7,8,29,30,28,9,32,10,18,11,31,12,23,24,17,21,16,14,22,26,27,15,13,25,20,19
"41",0,0,1,2,4,3,6,7,5,10,8,9,11,12,13,32,18,14,16,15,26,17,24,29,27,19,28,23,30,22,31,21,20,25
"42",0,1,2,1,3,4,7,5,8,6,9,10,31,11,16,32,14,28,12,13,15,24,30,18,17,21,26,29,19,27,22,25,23,20
"43",0,0,1,2,3,4,5,6,9,8,7,32,12,31,10,11,13,25,17,28,30,27,14,29,16,15,26,24,19,21,20,23,18,22
"44",1,1,32,31,30,29,28,27,26,25,24,23,22,21,20,19,18,17,16,15,14,13,12,11,10,9,8,7,6,5,4,3,2,1
"45",0,0,1,2,3,7,5,4,6,11,8,32,30,10,24,9,13,31,28,12,14,25,16,29,18,17,15,26,27,20,21,23,22,19
"46",1,0,1,2,3,4,6,5,8,7,9,32,13,12,10,24,26,17,11,14,18,19,15,16,30,31,25,22,21,28,29,20,23,27
"47",0,0,2,1,3,4,5,7,6,8,10,31,9,13,12,11,16,29,14,17,15,27,19,26,18,32,22,28,30,24,20,25,21,23
"48",1,0,1,2,3,6,4,5,7,8,10,12,9,11,14,32,28,13,31,22,19,30,17,16,15,29,24,18,26,25,20,21,23,27
"49",0,1,1,2,3,7,5,4,9,8,6,14,10,21,30,31,11,24,12,25,32,27,28,29,13,15,18,16,19,17,22,26,23,20
"50",1,1,32,31,30,29,28,27,26,25,24,23,22,21,20,19,18,17,16,15,14,13,12,11,10,9,8,7,6,5,4,3,2,1
"51",0,0,1,2,3,4,6,5,32,7,21,8,9,10,11,26,17,31,29,12,23,30,28,14,27,13,20,15,16,25,18,24,22,19
"52",0,1,1,2,3,5,4,6,7,32,15,8,31,11,9,25,10,26,13,30,17,12,14,29,28,18,27,19,24,16,20,23,21,22
"53",1,0,1,2,3,5,4,6,7,8,19,32,12,11,9,10,13,14,17,29,30,15,31,16,20,18,22,24,27,23,21,28,25,26
"54",0,0,1,2,3,4,5,6,7,8,12,14,9,15,10,18,11,13,32,17,21,27,19,16,20,28,31,22,30,25,26,23,29,24
"55",1,1,32,31,30,29,28,27,26,25,24,23,22,21,20,19,18,17,16,15,14,13,12,11,10,9,8,7,6,5,4,3,2,1
"56",0,1,1,2,3,4,5,6,7,8,9,12,10,32,11,20,14,13,15,19,29,30,17,18,21,25,28,31,24,16,22,27,23,26
"57",1,0,1,3,2,6,4,5,7,9,8,10,12,11,17,18,31,13,16,14,15,26,22,29,19,32,21,27,20,30,25,24,23,28
"58",0,1,1,2,4,3,6,5,7,9,10,8,12,11,32,14,15,13,28,30,31,24,19,26,16,29,22,25,18,23,27,17,20,21
"59",1,0,1,2,3,4,5,8,7,10,6,11,16,9,32,12,13,31,14,15,28,30,22,17,18,21,25,29,27,19,20,24,23,26
"60",1,0,1,2,3,5,6,4,8,7,9,12,11,13,10,32,14,22,17,31,16,15,21,20,19,30,18,28,29,25,23,27,26,24
"61",1,1,32,31,30,29,28,27,26,25,24,23,22,21,20,19,18,17,16,15,14,13,12,11,10,9,8,7,6,5,4,3,2,1
"62",0,0,1,3,2,4,6,7,5,8,9,10,12,11,13,31,32,21,14,30,18,27,28,29,15,16,23,20,25,19,26,24,22,17
"63",0,0,1,2,4,3,5,6,14,10,7,32,9,8,18,11,31,13,15,16,30,12,17,19,20,23,27,29,28,26,25,22,21,24
"64",1,1,32,31,30,29,28,27,26,25,24,23,22,21,20,19,18,17,16,15,14,13,12,11,10,9,8,7,6,5,4,3,2,1
"65",1,1,32,31,30,29,28,27,26,25,24,23,22,21,20,19,18,17,16,15,14,13,12,11,10,9,8,7,6,5,4,3,2,1
"66",0,1,1,2,3,4,6,5,7,8,11,14,9,13,10,12,32,17,31,18,30,16,21,15,20,29,26,25,22,19,28,23,24,27
"67",0,0,1,2,3,4,5,6,8,7,10,9,30,18,13,11,14,12,25,32,31,19,28,15,29,16,22,27,23,17,24,26,21,20
"68",0,0,1,2,3,5,4,8,6,7,10,9,12,14,18,30,11,16,13,21,15,19,17,32,20,28,31,24,22,26,23,29,27,25
"69",1,0,1,2,3,5,4,6,7,8,12,9,10,11,26,29,13,20,28,32,31,14,30,15,17,16,27,25,24,19,22,23,21,18
"70",1,1,32,31,30,29,28,27,26,25,24,23,22,21,20,19,18,17,16,15,14,13,12,11,10,9,8,7,6,5,4,3,2,1
"71",1,1,32,31,30,29,28,27,26,25,24,23,22,21,20,19,18,17,16,15,14,13,12,11,10,9,8,7,6,5,4,3,2,1
"72",0,0,1,2,3,6,4,5,8,7,11,9,10,16,19,31,13,17,15,32,14,12,27,26,18,24,20,30,21,29,22,23,25,28
"73",1,1,32,31,30,29,28,27,26,25,24,23,22,21,20,19,18,17,16,15,14,13,12,11,10,9,8,7,6,5,4,3,2,1
"74",0,0,1,2,3,4,5,6,10,9,7,32,8,12,16,11,15,25,27,30,13,31,29,28,21,17,14,23,26,19,20,18,22,24
"75",1,1,32,31,30,29,28,27,26,25,24,23,22,21,20,19,18,17,16,15,14,13,12,11,10,9,8,7,6,5,4,3,2,1
"76",1,0,1,2,4,3,5,8,7,6,9,10,11,15,31,12,30,13,19,16,17,27,14,18,29,23,32,20,26,21,24,28,22,25
"77",0,0,1,3,2,4,5,6,32,8,7,11,10,13,14,12,9,31,17,16,15,30,29,19,22,25,21,18,28,27,24,23,20,26
"78",0,1,1,2,3,4,7,11,5,6,9,8,14,12,10,13,18,32,16,26,30,15,31,17,27,24,19,28,25,29,21,20,22,23
"79",0,0,1,2,3,4,6,5,9,7,8,12,13,11,31,10,14,18,25,16,30,15,32,17,21,19,28,27,29,22,20,23,24,26
"80",0,1,1,2,3,5,4,6,8,7,11,9,26,10,32,12,14,29,13,21,15,19,27,31,30,16,23,24,28,22,18,20,25,17
"81",0,0,2,1,3,4,6,7,5,8,9,11,10,22,12,13,15,31,29,16,18,19,32,21,25,14,30,17,20,23,27,24,28,26
"82",0,0,1,2,3,6,4,5,7,8,11,10,12,32,13,9,15,20,16,24,31,14,27,18,17,30,26,29,25,19,28,22,21,23
"83",0,0,1,2,3,4,5,7,6,8,10,11,12,13,9,14,15,29,16,32,17,18,19,20,22,30,31,21,28,27,24,26,25,23
"84",0,0,1,2,3,4,5,7,6,9,8,11,10,12,30,14,32,13,31,27,18,29,16,28,15,17,26,25,22,19,20,21,24,23
"85",0,0,1,2,3,4,5,8,7,6,9,17,10,11,13,12,30,19,29,32,14,15,16,21,31,18,27,20,28,24,26,25,23,22
"86",1,1,32,31,30,29,28,27,26,25,24,23,22,21,20,19,18,17,16,15,14,13,12,11,10,9,8,7,6,5,4,3,2,1
"87",1,0,1,2,3,6,4,7,5,12,8,10,11,32,9,13,31,22,16,14,17,23,18,25,15,20,19,29,21,30,28,27,26,24
"88",1,0,1,2,4,3,5,8,6,32,7,9,10,13,23,15,11,27,14,17,31,16,18,12,30,22,28,29,25,26,20,24,19,21
"89",0,0,2,1,3,5,6,7,4,8,17,9,32,14,27,13,15,11,10,12,18,16,21,30,29,26,19,24,31,25,20,22,28,23
"90",1,0,1,2,4,3,6,5,9,7,10,8,12,14,20,13,11,15,16,32,30,31,28,26,18,29,27,21,25,24,22,23,17,19
"91",1,1,32,31,30,29,28,27,26,25,24,23,22,21,20,19,18,17,16,15,14,13,12,11,10,9,8,7,6,5,4,3,2,1
"92",1,0,1,2,3,4,5,7,6,8,10,31,13,9,32,30,29,12,14,11,20,15,21,26,16,17,28,27,23,18,19,22,25,24
"93",1,1,32,31,30,29,28,27,26,25,24,23,22,21,20,19,18,17,16,15,14,13,12,11,10,9,8,7,6,5,4,3,2,1
"94",1,0,2,1,4,3,5,7,8,6,9,11,15,16,32,30,10,12,13,31,25,18,29,24,28,14,21,26,23,22,17,27,19,20
"95",1,0,1,2,4,5,3,6,9,8,11,7,13,30,10,32,31,16,28,14,18,29,12,15,17,26,27,20,22,19,24,25,23,21
"96",0,1,1,2,3,5,4,6,10,7,12,9,14,32,19,8,11,31,13,30,29,23,25,28,16,15,24,18,27,21,20,17,26,22
"97",1,1,32,31,30,29,28,27,26,25,24,23,22,21,20,19,18,17,16,15,14,13,12,11,10,9,8,7,6,5,4,3,2,1
"98",0,0,2,1,3,4,6,9,5,7,10,8,11,13,32,12,30,16,29,17,14,15,31,27,26,24,19,28,23,18,21,22,25,20
"99",1,0,1,3,2,4,6,9,5,8,7,10,12,11,13,29,30,32,31,15,28,16,25,14,19,20,17,18,27,23,22,21,26,24
"100",1,0,1,2,3,4,5,8,6,9,10,32,7,30,12,11,29,13,14,16,15,28,31,22,27,23,17,26,18,24,25,21,20,19
"101",0,1,1,2,5,3,4,6,8,32,7,11,9,10,13,31,12,14,30,26,28,16,19,15,17,25,29,27,21,20,22,18,24,23
"102",1,1,32,31,30,29,28,27,26,25,24,23,22,21,20,19,18,17,16,15,14,13,12,11,10,9,8,7,6,5,4,3,2,1
"103",1,0,1,2,3,4,5,6,7,8,9,12,14,13,10,11,15,31,29,16,17,30,28,32,18,27,21,20,26,25,23,22,19,24
"104",0,0,1,2,3,4,5,6,8,9,11,7,14,15,10,12,13,17,16,27,30,32,21,19,29,18,26,25,31,22,24,20,23,28
"105",1,1,32,31,30,29,28,27,26,25,24,23,22,21,20,19,18,17,16,15,14,13,12,11,10,9,8,7,6,5,4,3,2,1
"106",1,0,2,1,3,4,5,6,7,8,9,10,15,29,11,12,14,13,30,32,31,18,27,25,21,16,20,28,17,22,26,19,24,23
"107",1,1,32,31,30,29,28,27,26,25,24,23,22,21,20,19,18,17,16,15,14,13,12,11,10,9,8,7,6,5,4,3,2,1
"108",1,0,1,2,3,4,6,5,7,28,10,12,18,8,15,9,29,32,11,13,31,17,25,30,26,24,23,14,20,27,22,16,19,21
"109",1,1,32,31,30,29,28,27,26,25,24,23,22,21,20,19,18,17,16,15,14,13,12,11,10,9,8,7,6,5,4,3,2,1
"110",0,1,1,3,2,4,5,6,8,7,27,10,12,13,9,32,30,11,20,28,17,31,14,24,29,16,26,15,25,18,21,22,23,19
"111",0,1,1,2,4,3,5,6,7,8,9,10,31,11,26,12,32,13,30,20,17,14,23,28,15,22,29,16,18,19,27,25,21,24
"112",0,0,1,3,2,4,12,8,5,6,9,7,10,13,11,32,15,27,31,14,30,22,28,16,29,20,21,25,26,19,17,23,24,18
"113",1,1,32,31,30,29,28,27,26,25,24,23,22,21,20,19,18,17,16,15,14,13,12,11,10,9,8,7,6,5,4,3,2,1
"114",0,1,1,2,3,4,5,6,12,7,11,10,9,8,14,13,16,31,32,15,18,24,19,17,26,20,25,22,21,23,28,27,30,29
"115",1,1,32,31,30,29,28,27,26,25,24,23,22,21,20,19,18,17,16,15,14,13,12,11,10,9,8,7,6,5,4,3,2,1
"116",1,0,1,2,3,4,5,6,7,8,9,12,14,10,13,11,30,20,31,26,27,15,25,21,32,19,16,29,23,28,17,18,24,22
"117",1,0,1,2,5,3,4,6,10,7,9,22,8,14,12,13,31,11,32,15,27,17,16,30,23,29,26,24,28,19,25,18,21,20
"118",0,0,1,3,2,4,5,6,7,8,10,9,11,14,32,28,31,18,12,13,15,26,16,30,22,17,20,25,19,29,27,21,23,24
"119",1,1,32,31,30,29,28,27,26,25,24,23,22,21,20,19,18,17,16,15,14,13,12,11,10,9,8,7,6,5,4,3,2,1
"120",0,0,1,2,3,4,6,5,7,8,31,32,21,9,10,27,14,28,17,11,12,15,29,13,19,30,25,16,18,23,22,24,26,20
"121",0,0,2,1,3,4,5,6,9,8,7,13,11,12,10,30,15,14,28,21,16,17,31,32,29,19,20,23,25,18,27,26,22,24
"122",0,1,1,2,3,4,5,8,6,7,9,11,10,31,12,32,17,30,13,23,20,16,14,21,15,28,18,26,29,22,27,25,19,24
"123",0,1,1,2,3,4,5,6,7,11,8,9,14,17,12,10,13,15,29,32,19,31,26,24,28,16,22,21,18,27,30,25,20,23
"124",0,0,1,2,4,3,5,6,7,9,8,12,31,15,11,32,25,30,10,16,14,21,13,29,22,19,17,20,18,24,28,23,27,26
"125",0,1,1,3,2,4,6,5,7,8,10,9,19,12,11,22,14,31,15,13,23,32,20,27,17,16,30,28,18,21,24,25,29,26
"126",1,1,32,31,30,29,28,27,26,25,24,23,22,21,20,19,18,17,16,15,14,13,12,11,10,9,8,7,6,5,4,3,2,1
"127",0,1,1,2,3,4,5,6,7,8,10,11,32,12,22,9,30,28,13,24,18,31,29,14,15,16,17,27,20,19,26,23,25,21
"128",0,1,1,2,3,4,5,9,7,6,8,10,12,32,11,28,14,20,13,16,15,31,30,18,17,25,22,19,23,26,21,24,29,27
"129",0,1,1,2,3,5,4,7,6,8,11,10,9,31,17,13,32,12,16,15,22,14,29,20,30,28,21,18,23,24,19,25,26,27
"130",1,0,1,2,3,4,10,5,7,6,12,9,8,11,24,13,30,32,14,26,29,15,27,17,31,28,22,25,20,16,19,18,23,21
"131",1,1,32,31,30,29,28,27,26,25,24,23,22,21,20,19,18,17,16,15,14,13,12,11,10,9,8,7,6,5,4,3,2,1
"132",0,1,1,2,4,3,5,8,7,6,10,9,12,15,11,13,30,31,29,14,32,17,16,26,19,21,22,18,25,20,23,24,28,27
"133",0,1,1,5,2,3,4,6,7,10,11,8,9,12,32,28,22,30,31,17,14,13,18,29,27,15,24,25,26,19,16,21,23,20
"134",0,1,1,3,4,2,5,6,9,8,7,10,19,16,12,11,32,13,15,30,18,14,17,21,31,20,23,26,25,29,28,22,24,27
"135",0,1,1,2,3,4,5,7,6,10,8,11,21,13,9,32,14,18,12,31,30,17,27,15,29,25,19,23,16,20,28,26,22,24
"136",0,0,1,2,3,4,6,8,5,7,9,10,16,12,14,13,11,32,17,30,29,31,15,27,25,23,24,22,28,19,18,21,26,20
"137",0,0,1,2,3,5,4,7,6,9,8,12,14,10,13,32,28,11,31,22,30,29,24,18,27,21,19,26,16,15,25,17,23,20
"138",1,0,1,2,4,3,5,7,6,8,10,32,11,13,16,9,14,12,15,31,28,30,20,19,29,27,24,17,21,25,18,26,22,23
"139",0,1,1,2,3,4,5,6,8,9,10,7,14,11,12,15,18,20,32,13,31,28,26,30,19,16,23,17,29,22,27,24,21,25
"140",1,1,32,31,30,29,28,27,26,25,24,23,22,21,20,19,18,17,16,15,14,13,12,11,10,9,8,7,6,5,4,3,2,1
"141",0,1,1,2,3,4,5,8,7,6,9,17,11,10,32,13,31,24,15,12,16,28,14,18,30,19,21,22,26,23,29,27,25,20
"142",1,0,1,2,3,5,4,6,7,11,8,9,10,13,12,14,15,19,18,29,30,32,31,17,16,24,26,20,23,21,28,27,22,25
"143",1,1,32,31,30,29,28,27,26,25,24,23,22,21,20,19,18,17,16,15,14,13,12,11,10,9,8,7,6,5,4,3,2,1
"144",1,1,32,31,30,29,28,27,26,25,24,23,22,21,20,19,18,17,16,15,14,13,12,11,10,9,8,7,6,5,4,3,2,1
"145",0,1,1,2,3,5,4,6,7,9,26,8,21,31,15,32,10,11,30,12,13,28,29,20,14,16,27,17,18,24,19,25,23,22
"146",0,0,1,3,2,4,5,6,10,7,8,9,32,13,12,11,18,31,21,14,15,19,29,17,30,16,28,27,26,20,25,22,23,24
"147",1,1,32,31,30,29,28,27,26,25,24,23,22,21,20,19,18,17,16,15,14,13,12,11,10,9,8,7,6,5,4,3,2,1
"148",0,1,2,1,3,4,11,5,6,7,16,9,8,32,12,14,10,13,31,28,30,19,17,25,15,27,20,18,23,29,24,21,26,22
"149",1,1,32,31,30,29,28,27,26,25,24,23,22,21,20,19,18,17,16,15,14,13,12,11,10,9,8,7,6,5,4,3,2,1
"150",0,1,2,1,4,5,3,6,7,8,9,18,11,10,16,12,13,15,20,14,32,30,31,24,28,22,17,21,29,23,19,27,26,25
"151",1,1,32,31,30,29,28,27,26,25,24,23,22,21,20,19,18,17,16,15,14,13,12,11,10,9,8,7,6,5,4,3,2,1
"152",0,1,1,2,3,6,4,5,7,8,10,9,16,11,12,14,32,13,15,18,27,23,17,30,19,28,21,29,24,31,26,20,25,22
"153",0,0,1,2,3,4,32,5,7,6,8,9,14,19,11,10,12,13,20,31,16,26,15,27,29,30,28,21,17,25,18,22,23,24
"154",1,0,1,2,3,4,5,6,8,9,7,11,32,10,30,31,15,12,29,16,14,13,22,17,18,28,25,23,21,20,27,19,26,24
"155",1,0,1,2,3,4,5,6,11,8,7,10,9,32,13,16,17,12,14,30,31,15,29,18,28,19,27,26,24,22,21,20,23,25
"156",1,0,1,2,3,6,4,5,7,9,8,12,10,11,14,13,17,18,15,16,32,31,25,19,28,30,27,23,29,26,22,21,20,24
"157",0,1,1,3,2,4,5,28,7,11,6,9,8,32,27,14,10,13,20,31,30,29,12,26,16,15,18,22,25,23,19,21,24,17
"158",0,0,1,2,3,4,5,8,7,9,6,12,10,11,15,13,32,14,28,18,16,27,31,30,20,24,17,29,19,25,26,21,22,23
"159",1,1,32,31,30,29,28,27,26,25,24,23,22,21,20,19,18,17,16,15,14,13,12,11,10,9,8,7,6,5,4,3,2,1
"160",0,1,1,2,3,5,6,4,7,8,13,15,12,9,31,10,14,29,11,16,30,32,17,26,23,19,27,18,25,20,24,21,28,22
"161",0,0,1,2,4,3,6,5,7,8,10,11,9,29,12,13,30,15,28,18,17,20,31,14,16,32,27,26,19,24,21,22,25,23
"162",0,0,1,2,3,4,5,6,8,7,10,11,9,31,32,12,15,13,18,30,29,23,20,28,16,14,27,17,26,25,19,22,24,21
"163",0,1,2,1,3,4,5,6,7,18,8,9,10,14,23,32,16,29,11,31,30,12,28,19,13,26,27,22,15,24,20,25,17,21
"164",1,1,32,31,30,29,28,27,26,25,24,23,22,21,20,19,18,17,16,15,14,13,12,11,10,9,8,7,6,5,4,3,2,1
"165",0,0,1,2,3,6,4,5,7,10,31,8,9,14,27,13,32,12,11,28,30,15,29,25,18,20,26,16,19,17,24,23,22,21
"166",1,1,32,31,30,29,28,27,26,25,24,23,22,21,20,19,18,17,16,15,14,13,12,11,10,9,8,7,6,5,4,3,2,1
"167",1,0,1,2,3,4,5,8,10,6,7,16,9,13,11,32,15,26,12,14,17,30,28,25,31,19,29,20,18,24,21,27,22,23
"168",1,0,1,2,3,5,4,7,6,8,9,10,14,11,17,12,15,13,19,16,20,18,31,32,28,27,24,23,21,25,29,22,30,26
"169",0,1,2,1,3,5,7,4,6,8,9,13,11,10,32,12,16,25,31,15,20,14,18,17,23,29,19,30,28,27,26,21,22,24
"170",0,0,1,3,2,5,6,4,18,10,7,9,8,11,32,12,15,19,26,14,13,17,16,21,20,24,22,31,28,25,30,29,27,23
"171",0,0,1,2,4,5,3,6,7,10,11,8,9,32,15,13,12,29,30,31,16,19,14,21,18,17,28,27,26,25,20,23,24,22
"172",1,1,32,31,30,29,28,27,26,25,24,23,22,21,20,19,18,17,16,15,14,13,12,11,10,9,8,7,6,5,4,3,2,1
"173",0,1,1,2,3,4,6,5,9,7,10,23,8,14,32,30,13,11,31,19,12,27,17,29,15,26,16,21,28,18,24,20,25,22
"174",1,1,32,31,30,29,28,27,26,25,24,23,22,21,20,19,18,17,16,15,14,13,12,11,10,9,8,7,6,5,4,3,2,1
"175",1,1,32,31,30,29,28,27,26,25,24,23,22,21,20,19,18,17,16,15,14,13,12,11,10,9,8,7,6,5,4,3,2,1
"176",1,0,1,2,5,4,3,6,8,7,9,10,11,32,29,13,18,12,28,30,24,14,15,31,27,16,17,25,26,22,20,23,21,19
"177",0,1,1,3,4,2,6,5,7,10,8,11,9,32,12,29,31,14,17,13,27,16,30,19,25,21,28,24,26,18,15,20,22,23
"178",0,1,1,2,3,5,4,7,6,8,11,9,12,10,16,13,14,18,15,30,28,31,17,29,23,32,21,26,19,20,24,22,25,27
"179",1,1,32,31,30,29,28,27,26,25,24,23,22,21,20,19,18,17,16,15,14,13,12,11,10,9,8,7,6,5,4,3,2,1
"180",1,0,1,3,2,4,5,7,6,8,32,9,11,31,29,16,13,10,18,15,14,12,23,28,25,17,27,24,22,26,30,21,20,19
"181",1,0,1,2,3,4,5,8,18,7,6,10,9,11,13,12,30,14,15,31,19,17,22,16,20,21,26,32,29,24,23,25,28,27
"182",0,0,1,6,2,3,4,5,7,11,12,8,10,9,13,14,16,15,17,19,32,22,18,27,25,31,20,26,21,29,30,28,23,24
"183",0,0,1,2,3,4,6,5,7,10,8,9,32,31,11,27,28,12,26,25,30,14,13,22,29,23,24,21,15,16,20,18,19,17
"184",1,0,1,2,3,5,4,6,7,8,12,9,10,15,11,14,13,32,18,17,31,16,21,20,28,19,29,30,27,22,24,25,26,23
"185",0,0,1,2,3,4,6,5,32,11,7,8,13,9,12,10,18,14,16,15,30,20,17,26,19,21,29,22,31,23,27,24,28,25
"186",0,1,1,2,3,4,7,5,8,6,11,10,16,9,13,12,30,14,15,17,32,31,19,29,23,28,24,26,18,21,20,25,27,22
"187",1,1,32,31,30,29,28,27,26,25,24,23,22,21,20,19,18,17,16,15,14,13,12,11,10,9,8,7,6,5,4,3,2,1
"188",0,0,1,3,2,4,5,6,7,30,31,8,12,10,13,11,14,16,9,15,26,27,32,29,23,17,28,24,25,22,21,19,18,20
"189",1,0,1,2,4,3,5,6,7,8,32,11,10,31,30,28,14,21,16,12,9,29,13,17,15,18,19,24,25,22,23,27,20,26
"190",1,0,1,2,3,4,5,32,7,30,31,6,27,29,26,8,10,9,13,12,28,25,24,11,22,23,16,19,17,18,14,20,15,21
"191",1,0,1,2,3,5,4,6,7,15,8,10,32,9,24,31,12,13,17,14,11,16,20,30,19,29,18,25,23,27,28,22,21,26
"192",1,0,1,2,3,5,4,32,6,8,10,9,7,12,11,29,31,25,15,28,13,26,30,17,14,19,24,27,20,16,23,18,21,22
"193",0,0,1,2,3,5,4,6,9,7,8,12,10,13,19,15,32,11,31,30,14,26,16,20,28,17,18,22,24,29,27,25,23,21
"194",0,0,1,2,3,4,5,8,6,7,11,27,14,32,9,12,10,15,31,17,16,13,19,29,30,20,22,24,23,18,26,28,21,25
"195",0,0,1,2,3,4,5,6,8,9,7,11,10,13,15,12,14,19,32,16,30,29,31,22,24,17,18,20,25,23,27,28,21,26
"196",1,0,1,2,3,4,6,5,11,7,13,8,10,9,12,22,14,17,32,16,20,27,18,15,31,19,26,29,21,30,25,23,24,28
"197",0,1,1,2,3,4,5,6,8,7,10,32,9,11,15,12,18,19,13,16,14,27,17,26,20,31,21,28,22,25,23,30,24,29
"198",1,0,1,2,3,4,7,5,6,9,10,11,8,14,13,32,31,12,16,29,15,28,30,17,23,19,27,18,20,21,26,25,24,22
"199",0,0,1,2,3,5,4,6,10,9,8,7,11,12,32,15,13,30,18,31,14,16,17,27,20,29,19,23,21,28,26,22,25,24
"200",1,0,1,3,2,4,7,5,8,6,11,17,9,10,13,12,32,30,14,20,18,28,31,15,27,29,23,26,25,21,24,16,22,19
"201",1,1,32,31,30,29,28,27,26,25,24,23,22,21,20,19,18,17,16,15,14,13,12,11,10,9,8,7,6,5,4,3,2,1
"202",1,0,1,3,2,4,9,6,5,7,10,8,11,12,23,32,31,29,30,14,13,15,27,20,25,16,18,28,26,19,24,17,21,22
"203",1,1,32,31,30,29,28,27,26,25,24,23,22,21,20,19,18,17,16,15,14,13,12,11,10,9,8,7,6,5,4,3,2,1
"204",1,1,32,31,30,29,28,27,26,25,24,23,22,21,20,19,18,17,16,15,14,13,12,11,10,9,8,7,6,5,4,3,2,1
"205",1,0,1,2,3,4,5,6,7,10,13,8,9,28,14,15,11,16,32,12,26,30,20,17,21,31,27,29,18,19,24,25,23,22
"206",0,0,1,3,2,4,5,8,9,7,6,10,32,14,12,30,11,13,16,15,25,31,28,17,23,21,29,27,19,22,18,20,26,24
"207",1,0,1,2,5,3,4,6,8,17,7,32,10,11,31,9,13,14,29,12,15,30,16,28,19,26,24,27,18,25,21,22,23,20
"208",1,0,1,2,3,4,5,7,6,10,8,9,16,27,32,31,11,12,13,14,29,23,15,30,18,24,19,17,21,28,26,22,20,25
"209",1,0,1,2,3,4,5,6,7,32,8,12,16,10,9,11,17,13,21,31,15,20,14,25,29,26,30,24,22,18,19,23,27,28
"210",1,0,1,2,3,5,4,6,17,10,9,7,11,8,12,32,13,26,24,18,15,22,14,31,16,21,28,27,30,19,20,25,23,29
"211",1,0,1,2,3,4,5,6,7,9,8,15,11,12,10,13,32,29,20,14,19,16,17,28,18,27,22,21,31,26,25,30,23,24
"212",0,1,1,2,3,5,4,6,7,9,10,8,13,32,11,14,12,15,20,17,16,31,19,28,30,26,18,29,22,21,23,27,24,25
"213",0,1,1,2,3,4,6,5,8,10,12,7,9,11,13,30,15,22,29,31,28,32,16,14,27,24,19,25,23,20,18,17,21,26
"214",1,1,32,31,30,29,28,27,26,25,24,23,22,21,20,19,18,17,16,15,14,13,12,11,10,9,8,7,6,5,4,3,2,1
"215",1,1,32,31,30,29,28,27,26,25,24,23,22,21,20,19,18,17,16,15,14,13,12,11,10,9,8,7,6,5,4,3,2,1
"216",0,1,1,2,3,4,6,5,32,13,7,8,9,11,12,10,29,14,18,17,15,16,21,31,19,28,20,22,30,25,26,24,23,27
"217",0,1,2,1,3,4,5,6,7,8,24,9,29,30,32,11,14,31,21,17,10,28,18,15,27,16,12,13,23,25,26,22,20,19
"218",1,0,1,2,3,5,4,9,6,8,7,10,11,30,13,25,32,14,28,12,15,31,20,29,27,17,26,16,18,24,21,22,19,23
"219",0,1,1,2,3,4,6,7,5,8,9,10,14,32,12,11,31,30,27,20,15,29,28,22,17,13,26,16,21,25,19,18,24,23
"220",1,0,1,2,4,3,5,7,6,8,9,13,10,32,11,15,14,25,12,29,26,24,31,28,27,23,30,21,16,17,22,19,18,20
"221",0,0,1,2,3,5,6,4,7,32,8,31,12,9,20,18,17,10,27,13,11,14,30,15,16,19,29,21,28,26,24,23,25,22
"222",0,0,1,2,3,4,5,7,6,8,9,10,12,11,26,31,13,17,14,32,27,16,15,18,24,21,30,19,23,28,29,20,25,22
"223",1,1,32,31,30,29,28,27,26,25,24,23,22,21,20,19,18,17,16,15,14,13,12,11,10,9,8,7,6,5,4,3,2,1
"224",0,0,1,2,3,4,5,6,8,7,9,10,32,28,13,11,17,29,12,22,31,16,14,30,26,18,23,15,25,24,20,21,27,19
"225",0,1,1,3,2,4,5,15,8,6,7,9,32,11,10,13,17,14,31,12,16,18,29,21,20,24,30,19,27,25,23,22,26,28
"226",0,0,1,2,3,4,5,6,7,11,10,9,13,8,14,18,24,12,17,16,19,32,15,21,26,30,31,29,28,25,20,27,22,23
"227",0,0,1,3,2,4,5,7,6,9,8,17,11,14,12,13,10,15,32,30,31,18,23,16,22,20,26,19,24,21,25,28,29,27
"228",0,1,1,2,3,4,7,5,6,8,12,9,32,31,10,14,29,11,18,13,16,17,30,21,28,15,19,27,22,20,25,24,26,23
"229",1,0,1,2,3,4,6,7,5,8,10,9,11,29,32,26,31,25,15,24,17,14,13,12,16,30,18,19,27,28,20,23,22,21
"230",0,0,1,2,3,4,5,7,6,10,9,11,8,14,16,13,12,15,17,24,19,32,29,30,21,27,20,22,25,18,31,23,26,28
"231",0,1,1,2,3,5,4,11,6,9,10,8,7,12,32,30,13,14,24,31,18,15,22,16,17,27,23,20,29,28,26,25,19,21
"232",0,0,1,2,3,4,32,5,11,6,8,7,9,31,10,14,30,29,28,12,27,13,17,16,15,23,18,19,25,21,26,20,22,24
"233",1,0,1,2,4,3,5,6,7,10,16,9,8,14,13,11,12,31,20,30,17,15,18,29,32,19,23,27,21,25,28,22,24,26
"234",0,0,1,2,3,4,5,9,8,6,7,10,12,11,30,27,17,16,13,31,32,23,25,14,15,20,18,28,26,24,19,29,22,21
"235",0,1,1,2,5,3,4,7,9,8,10,6,18,11,30,12,17,15,14,13,19,16,24,32,22,20,27,28,21,23,29,31,25,26
"236",0,1,1,2,3,4,6,5,7,11,8,10,12,9,30,14,28,13,15,32,16,31,27,19,17,26,29,25,18,24,23,20,21,22
"237",1,0,1,3,2,4,5,8,7,6,9,11,14,12,10,32,15,13,31,26,24,29,30,27,28,16,25,21,18,17,23,19,22,20
"238",0,0,1,5,2,4,3,7,6,9,11,10,8,28,17,31,32,12,13,15,29,21,19,30,16,14,23,18,27,24,20,22,26,25
"239",0,1,2,1,4,3,6,9,5,7,10,8,15,13,18,11,30,31,14,12,32,20,21,16,17,19,22,29,23,26,25,24,27,28
"240",1,1,32,31,30,29,28,27,26,25,24,23,22,21,20,19,18,17,16,15,14,13,12,11,10,9,8,7,6,5,4,3,2,1
"241",0,1,1,2,4,3,5,6,7,9,8,32,10,13,11,28,12,15,21,14,17,24,20,25,18,16,30,19,22,26,27,31,23,29
"242",0,1,1,2,3,4,6,5,7,8,11,9,10,12,32,15,13,16,14,17,21,18,19,27,31,23,20,30,24,28,26,22,25,29
"243",0,1,1,2,3,4,5,6,7,9,13,8,12,11,10,16,32,14,19,15,18,31,20,28,22,29,26,17,21,30,23,24,27,25
"244",0,1,1,2,3,4,5,7,6,8,9,12,32,10,13,14,17,11,25,16,27,22,15,30,20,19,23,26,28,18,29,31,24,21
"245",0,1,1,2,3,4,6,7,8,5,27,9,20,10,13,11,16,31,12,15,14,32,29,17,30,28,26,25,18,23,19,21,22,24
"246",1,0,1,3,2,4,7,5,6,8,12,23,31,9,17,10,16,11,14,13,30,15,25,28,32,29,27,26,21,18,24,20,22,19
"247",0,0,2,3,1,5,4,6,8,7,9,11,14,10,21,15,12,30,13,16,31,32,28,18,29,25,19,17,24,20,22,23,26,27
"248",0,1,1,3,2,5,4,6,7,8,9,11,10,12,13,14,15,32,17,16,22,31,30,25,27,29,18,21,20,24,19,23,26,28
"249",1,0,1,2,3,5,4,6,7,10,8,9,16,19,11,12,31,32,28,30,13,27,15,14,26,17,18,22,20,24,21,29,25,23
"250",0,0,2,1,3,4,7,5,6,32,8,12,9,10,30,13,14,11,31,29,17,26,15,28,25,16,27,18,19,24,20,23,21,22
"251",0,0,1,2,5,3,4,6,7,9,8,10,16,15,13,12,11,32,22,14,17,25,26,31,27,28,29,30,18,21,19,23,20,24
"252",0,0,1,2,3,4,5,6,11,7,9,8,10,12,21,15,29,14,13,27,18,32,17,16,30,31,19,22,23,28,26,20,24,25
"253",0,1,2,1,3,4,5,6,8,11,7,9,30,32,13,12,10,16,15,14,25,23,31,29,28,17,18,19,22,20,24,21,27,26
"254",1,0,1,2,3,4,7,6,5,8,11,10,12,9,13,17,14,22,15,19,32,29,16,18,30,31,21,26,20,23,25,24,28,27
"255",0,0,1,2,3,6,5,4,7,9,8,14,11,12,17,13,16,10,15,21,18,22,31,32,25,19,30,26,23,20,24,28,27,29
"256",0,0,1,2,4,3,5,8,6,9,7,10,13,11,31,12,14,15,32,16,17,29,18,23,30,24,28,20,25,19,27,22,21,26
"257",0,0,1,3,2,4,5,7,6,12,8,9,14,10,13,15,30,17,11,19,16,29,18,32,31,24,20,27,26,23,22,28,21,25
"258",0,1,1,2,3,4,8,5,6,7,9,10,11,12,27,28,16,19,32,14,30,15,24,13,29,31,18,20,21,25,17,22,26,23
"259",1,0,1,2,5,4,3,9,6,10,8,7,11,12,32,28,21,15,17,31,13,16,14,18,29,19,30,27,22,26,20,23,25,24
"260",0,1,1,2,3,5,4,6,8,7,9,12,10,14,15,13,11,21,32,19,26,31,24,18,17,16,20,30,25,23,27,29,28,22
"261",1,1,32,31,30,29,28,27,26,25,24,23,22,21,20,19,18,17,16,15,14,13,12,11,10,9,8,7,6,5,4,3,2,1
"262",1,1,32,31,30,29,28,27,26,25,24,23,22,21,20,19,18,17,16,15,14,13,12,11,10,9,8,7,6,5,4,3,2,1
"263",1,1,32,31,30,29,28,27,26,25,24,23,22,21,20,19,18,17,16,15,14,13,12,11,10,9,8,7,6,5,4,3,2,1
"264",1,1,32,31,30,29,28,27,26,25,24,23,22,21,20,19,18,17,16,15,14,13,12,11,10,9,8,7,6,5,4,3,2,1
"265",1,1,32,31,30,29,28,27,26,25,24,23,22,21,20,19,18,17,16,15,14,13,12,11,10,9,8,7,6,5,4,3,2,1
"266",0,1,1,2,3,4,5,11,6,7,8,9,10,30,31,32,29,12,16,13,15,28,24,25,27,14,17,18,23,20,26,22,19,21
"267",1,1,32,31,30,29,28,27,26,25,24,23,22,21,20,19,18,17,16,15,14,13,12,11,10,9,8,7,6,5,4,3,2,1
"268",1,1,32,31,30,29,28,27,26,25,24,23,22,21,20,19,18,17,16,15,14,13,12,11,10,9,8,7,6,5,4,3,2,1
"269",0,1,1,2,3,4,6,5,9,7,10,13,8,20,11,30,12,16,32,14,31,19,18,22,27,15,29,17,26,28,25,24,23,21
"270",0,1,2,1,3,4,5,7,8,6,9,10,11,14,15,32,18,13,12,19,16,17,25,23,31,28,30,22,24,20,21,27,29,26
"271",1,1,32,31,30,29,28,27,26,25,24,23,22,21,20,19,18,17,16,15,14,13,12,11,10,9,8,7,6,5,4,3,2,1
"272",1,0,1,2,3,5,4,6,8,7,9,10,11,15,12,14,13,30,16,31,29,22,28,17,24,18,19,32,27,20,21,26,25,23
"273",0,0,1,2,3,4,5,6,27,9,7,8,11,14,10,16,30,12,23,13,31,18,15,32,21,29,26,25,28,24,20,17,22,19
"274",0,0,1,2,3,4,7,6,9,5,8,10,32,13,18,31,12,11,28,20,30,29,21,27,15,19,14,17,16,25,23,24,26,22
"275",0,0,1,2,3,5,6,4,7,9,8,10,12,11,16,32,13,15,14,28,29,23,27,30,25,19,31,17,26,20,21,18,22,24
"276",0,0,1,3,2,4,5,8,6,7,16,28,10,12,32,29,30,9,23,13,11,19,31,15,24,14,26,21,17,18,27,20,25,22
"277",0,1,1,2,5,4,3,8,7,6,9,11,10,14,15,12,13,18,32,20,27,16,17,19,28,22,24,25,23,31,29,21,26,30
"278",0,0,1,2,3,4,6,7,5,8,10,9,11,12,14,32,21,30,31,13,19,17,28,29,15,22,16,18,24,23,27,26,25,20
"279",0,0,1,2,3,4,5,6,7,8,29,32,31,9,11,27,10,12,14,13,23,30,24,15,25,28,21,26,22,18,20,16,19,17
"280",1,0,1,2,3,4,5,7,6,8,9,10,11,17,14,21,16,13,12,32,29,15,18,22,30,25,19,20,27,23,31,28,24,26
"281",0,1,1,2,3,5,7,4,8,10,6,9,11,17,32,21,15,13,12,14,20,16,18,29,31,26,24,30,25,28,19,23,27,22
"282",0,1,1,2,4,3,5,7,6,8,10,9,32,19,31,11,30,24,12,14,29,27,18,13,28,21,20,26,16,25,23,15,17,22
"283",1,0,1,2,3,4,7,5,6,8,9,11,13,10,12,14,27,15,16,32,18,17,19,24,20,28,29,21,31,22,30,23,26,25
"284",0,1,1,2,3,4,5,6,8,9,12,7,11,14,13,15,10,31,16,32,18,24,17,30,22,29,19,21,20,25,28,23,26,27
"285",0,0,1,3,2,5,4,6,7,14,8,9,10,11,32,15,18,16,13,12,31,19,28,17,27,21,29,30,25,24,20,26,22,23
"286",1,1,32,31,30,29,28,27,26,25,24,23,22,21,20,19,18,17,16,15,14,13,12,11,10,9,8,7,6,5,4,3,2,1
"287",0,1,1,2,3,4,5,6,9,8,7,31,22,10,26,32,14,29,11,15,13,12,16,21,30,28,27,20,17,19,18,24,25,23
"288",1,0,1,2,3,4,6,7,5,8,10,9,12,14,11,29,32,13,16,22,15,17,19,20,18,28,31,30,25,24,21,26,27,23
"289",0,0,1,2,3,4,6,5,7,9,8,10,11,14,13,12,31,27,32,30,15,16,19,28,17,26,29,21,18,24,23,22,25,20
"290",0,1,2,1,3,4,6,5,7,31,8,10,9,11,13,32,23,12,30,14,19,18,16,27,17,15,29,20,24,21,28,26,22,25
"291",1,1,32,31,30,29,28,27,26,25,24,23,22,21,20,19,18,17,16,15,14,13,12,11,10,9,8,7,6,5,4,3,2,1
"292",0,1,1,2,3,4,5,8,7,9,6,10,32,31,12,18,16,13,11,22,15,21,19,20,14,17,27,29,24,30,23,26,28,25
"293",0,1,1,2,3,4,6,7,5,8,17,9,12,31,10,15,32,24,11,29,13,14,30,27,25,28,16,18,23,20,19,26,21,22
"294",1,0,1,2,3,4,5,6,7,8,28,9,10,31,13,11,12,32,14,30,29,27,15,16,25,17,26,18,23,19,24,21,22,20
"295",1,1,32,31,30,29,28,27,26,25,24,23,22,21,20,19,18,17,16,15,14,13,12,11,10,9,8,7,6,5,4,3,2,1
"296",1,1,32,31,30,29,28,27,26,25,24,23,22,21,20,19,18,17,16,15,14,13,12,11,10,9,8,7,6,5,4,3,2,1
"297",1,0,1,2,3,5,4,7,8,6,9,11,10,32,13,12,31,17,30,23,26,29,14,18,21,20,16,24,28,15,19,27,22,25
"298",0,0,1,3,2,4,7,5,6,8,9,32,11,10,30,12,29,28,31,14,20,15,13,16,27,17,21,19,18,24,25,23,26,22
"299",0,0,1,2,3,4,5,6,7,8,13,12,9,10,11,26,32,14,27,15,23,31,21,18,30,20,28,22,29,24,17,19,25,16
"300",0,0,1,3,2,4,5,6,7,32,9,8,12,14,16,15,20,13,23,17,10,11,18,30,26,31,25,29,28,27,19,22,24,21
"301",1,0,2,1,3,4,5,6,32,8,12,7,9,31,11,30,13,14,10,15,29,27,18,22,17,28,16,19,25,20,23,21,26,24
"302",1,1,32,31,30,29,28,27,26,25,24,23,22,21,20,19,18,17,16,15,14,13,12,11,10,9,8,7,6,5,4,3,2,1
"303",1,0,1,4,2,5,3,6,8,10,7,9,11,12,13,32,14,15,17,20,31,30,23,16,27,25,19,28,18,21,22,29,26,24
"304",1,0,1,4,2,3,5,6,7,10,8,12,9,32,13,31,14,22,11,15,16,21,30,24,27,29,28,23,18,17,26,25,20,19
"305",1,1,32,31,30,29,28,27,26,25,24,23,22,21,20,19,18,17,16,15,14,13,12,11,10,9,8,7,6,5,4,3,2,1
"306",0,0,1,3,2,4,5,6,7,10,12,8,11,9,13,15,32,14,17,19,29,16,18,30,21,20,31,28,23,22,24,26,27,25
"307",1,0,1,2,3,4,5,6,9,11,7,8,26,12,10,14,32,31,28,13,29,15,30,27,25,18,17,24,20,16,22,23,21,19
"308",0,1,1,2,5,3,4,6,7,10,9,8,11,31,13,20,12,30,15,28,22,16,29,14,27,32,26,17,19,18,24,21,23,25
"309",0,0,1,2,3,4,5,6,12,9,32,8,11,7,13,31,10,16,15,30,17,29,14,23,18,19,25,27,20,28,26,21,24,22
"310",0,1,1,2,3,7,4,6,5,8,30,9,32,31,22,10,24,15,11,13,12,14,18,21,16,26,20,19,23,29,28,17,25,27
"311",1,1,32,31,30,29,28,27,26,25,24,23,22,21,20,19,18,17,16,15,14,13,12,11,10,9,8,7,6,5,4,3,2,1
"312",1,1,32,31,30,29,28,27,26,25,24,23,22,21,20,19,18,17,16,15,14,13,12,11,10,9,8,7,6,5,4,3,2,1
"313",0,1,1,2,5,3,4,6,18,8,7,31,11,32,9,15,10,13,16,12,29,22,14,30,27,28,25,17,26,19,24,21,23,20
"314",1,1,32,31,30,29,28,27,26,25,24,23,22,21,20,19,18,17,16,15,14,13,12,11,10,9,8,7,6,5,4,3,2,1
"315",1,1,32,31,30,29,28,27,26,25,24,23,22,21,20,19,18,17,16,15,14,13,12,11,10,9,8,7,6,5,4,3,2,1
"316",0,0,1,2,3,4,6,5,7,8,12,32,30,10,9,13,11,31,29,14,23,21,17,20,15,28,26,27,22,24,16,25,18,19
"317",0,0,2,3,1,4,5,7,6,8,10,11,25,9,12,13,31,32,14,24,20,29,19,16,30,15,28,23,18,21,17,26,27,22
"318",1,0,1,2,3,4,6,5,7,8,9,11,10,31,16,13,12,14,15,18,19,21,20,30,17,32,24,23,22,27,26,28,29,25
"319",0,0,1,2,3,5,4,6,7,11,8,10,9,16,15,14,13,21,12,17,18,20,19,31,26,32,27,30,23,25,28,29,22,24
"320",1,0,1,2,3,4,5,6,7,31,8,9,26,10,32,11,27,12,25,13,18,30,20,15,19,29,22,14,17,28,16,24,23,21
"321",1,0,1,2,3,4,5,6,31,8,7,12,10,9,13,15,32,11,14,16,18,30,25,28,17,29,19,22,26,27,24,20,21,23
"322",1,0,1,2,3,4,6,5,7,9,10,11,8,32,30,16,12,13,17,14,27,31,29,15,28,21,18,23,26,22,25,24,20,19
"323",1,0,1,2,3,10,4,5,6,8,7,9,11,12,31,32,14,16,13,30,26,19,29,28,15,17,20,27,21,24,18,22,23,25
"324",0,0,1,2,3,4,5,8,6,7,10,9,12,11,32,31,15,18,16,20,13,29,30,14,19,26,24,17,27,28,21,22,23,25
"325",0,1,1,2,4,3,6,5,7,12,9,11,8,13,10,16,14,32,19,17,30,27,21,15,20,31,18,29,28,25,24,26,23,22
"326",1,0,1,2,5,4,3,6,7,8,9,12,10,11,14,31,29,13,32,17,16,30,15,18,28,21,20,27,25,19,26,23,22,24
"327",0,0,1,3,2,4,5,6,8,9,7,15,17,11,10,16,30,14,13,12,18,32,26,29,25,31,20,19,22,28,21,23,27,24
"328",1,0,1,2,3,4,5,6,8,11,12,13,7,9,10,30,14,17,15,16,32,20,31,19,18,27,29,21,23,28,24,22,25,26
"329",1,0,1,2,3,5,4,6,8,7,11,9,31,10,12,30,13,15,32,23,29,22,14,26,28,16,20,17,27,18,25,21,24,19
"330",0,0,1,2,3,4,5,6,10,8,7,9,31,23,13,30,32,24,11,12,28,29,14,21,26,27,15,25,22,19,16,17,18,20
"331",1,0,1,3,2,4,5,10,6,7,9,8,32,12,13,31,11,23,28,14,30,17,29,16,27,24,15,19,18,22,26,21,25,20
"332",0,1,1,2,3,4,5,8,7,6,10,12,9,29,11,26,30,16,13,32,28,14,15,31,22,21,24,17,27,18,20,19,25,23
"333",1,0,1,2,3,4,5,7,8,6,11,10,9,14,15,12,28,16,18,17,13,31,20,32,25,26,29,19,21,22,30,27,24,23
"334",1,1,32,31,30,29,28,27,26,25,24,23,22,21,20,19,18,17,16,15,14,13,12,11,10,9,8,7,6,5,4,3,2,1
"335",0,0,2,1,3,4,7,6,5,8,29,9,11,28,27,14,16,10,31,12,32,30,21,25,23,13,26,15,18,19,17,20,24,22
"336",1,0,1,2,3,4,6,5,7,11,8,9,12,10,17,14,16,13,15,32,31,30,28,25,19,23,27,18,29,24,21,26,20,22
"337",1,1,32,31,30,29,28,27,26,25,24,23,22,21,20,19,18,17,16,15,14,13,12,11,10,9,8,7,6,5,4,3,2,1
"338",0,1,1,2,3,5,7,4,6,8,10,9,20,13,14,12,29,11,19,16,32,22,15,18,25,26,17,31,30,28,23,21,24,27
"339",0,1,1,2,3,4,5,6,9,7,8,10,12,11,13,30,14,31,19,18,32,29,16,20,23,28,15,17,27,22,26,25,24,21
"340",0,1,1,2,3,4,5,9,7,6,8,14,17,12,28,29,32,11,31,15,10,16,13,18,30,25,19,27,22,23,26,24,20,21
"341",0,0,1,2,3,4,6,5,9,7,8,10,12,11,32,13,26,16,17,15,23,25,28,30,14,31,18,22,19,20,21,27,24,29
"342",0,0,1,2,3,4,6,5,7,8,29,10,11,9,12,17,13,14,16,32,15,28,31,18,24,27,26,23,30,25,19,21,20,22
"343",0,1,1,2,3,4,6,5,7,9,10,13,8,11,17,23,15,14,16,12,31,32,21,24,19,30,18,20,29,25,22,28,26,27
"344",1,0,2,1,4,3,7,5,9,6,8,14,12,10,13,11,17,32,15,16,21,20,19,18,25,27,22,31,29,30,28,23,26,24
"345",0,1,1,2,3,4,7,8,5,6,9,11,10,12,13,31,32,14,15,29,25,28,30,27,16,26,23,22,17,21,19,20,18,24
"346",1,1,32,31,30,29,28,27,26,25,24,23,22,21,20,19,18,17,16,15,14,13,12,11,10,9,8,7,6,5,4,3,2,1
"347",1,0,1,2,3,4,7,5,6,16,10,12,8,11,9,14,15,18,13,17,31,19,28,32,23,21,30,22,20,25,27,29,24,26
"348",1,1,32,31,30,29,28,27,26,25,24,23,22,21,20,19,18,17,16,15,14,13,12,11,10,9,8,7,6,5,4,3,2,1
"349",0,1,1,2,5,4,3,6,9,10,7,11,8,13,17,14,32,12,16,15,31,25,30,21,19,28,18,24,20,27,22,26,23,29
"350",1,1,32,31,30,29,28,27,26,25,24,23,22,21,20,19,18,17,16,15,14,13,12,11,10,9,8,7,6,5,4,3,2,1
"351",1,1,32,31,30,29,28,27,26,25,24,23,22,21,20,19,18,17,16,15,14,13,12,11,10,9,8,7,6,5,4,3,2,1
"352",0,0,1,2,3,4,5,6,7,9,8,13,32,11,12,10,14,15,30,28,16,25,26,21,31,23,29,27,17,24,20,18,22,19
"353",0,1,1,2,3,4,7,6,32,5,31,10,8,9,29,27,12,11,13,30,24,14,21,19,15,20,28,22,25,26,17,23,16,18
"354",0,0,1,2,4,3,6,7,5,10,8,32,9,31,19,12,13,11,26,23,27,25,29,20,30,14,22,28,21,18,17,24,15,16
"355",0,1,1,2,3,4,7,6,5,11,8,9,10,13,15,14,12,16,30,17,22,18,21,32,26,29,19,20,28,31,23,25,27,24
"356",0,0,1,2,4,3,7,6,5,8,11,13,10,9,32,15,12,18,14,29,28,31,16,30,24,20,17,21,26,19,27,25,22,23
"357",1,1,32,31,30,29,28,27,26,25,24,23,22,21,20,19,18,17,16,15,14,13,12,11,10,9,8,7,6,5,4,3,2,1
"358",1,0,1,2,4,5,3,6,7,8,9,14,18,11,29,10,31,28,12,20,32,30,15,13,27,19,21,23,22,17,26,16,25,24
"359",0,0,2,1,4,3,6,5,7,11,10,8,9,17,25,30,32,12,31,13,14,15,23,18,29,24,16,21,28,26,27,22,20,19
"360",0,0,2,1,3,4,5,7,6,9,24,8,10,31,11,12,14,15,13,32,16,18,21,20,26,17,27,29,28,30,25,22,23,19
"361",1,0,1,2,3,4,5,6,8,7,10,14,9,17,11,12,16,32,15,13,21,18,29,30,31,19,20,28,24,27,22,25,26,23
"362",1,1,32,31,30,29,28,27,26,25,24,23,22,21,20,19,18,17,16,15,14,13,12,11,10,9,8,7,6,5,4,3,2,1
"363",0,1,1,3,2,4,6,9,5,10,7,12,8,13,16,14,11,32,30,31,29,19,28,26,15,20,18,17,22,21,25,27,24,23
"364",1,1,32,31,30,29,28,27,26,25,24,23,22,21,20,19,18,17,16,15,14,13,12,11,10,9,8,7,6,5,4,3,2,1
"365",0,1,2,1,3,5,4,6,7,8,32,11,9,15,10,31,14,29,12,25,13,20,17,30,23,28,27,16,18,26,19,22,24,21
"366",1,0,1,2,4,3,8,5,6,7,15,9,12,10,11,21,31,30,14,13,22,25,23,32,19,17,29,28,16,27,20,18,24,26
"367",0,0,1,2,3,5,4,6,8,7,10,12,9,31,11,24,13,30,20,32,14,17,15,16,22,28,29,27,19,18,26,23,21,25
"368",1,0,1,2,4,3,5,6,12,7,8,10,13,9,32,11,29,28,31,14,30,27,15,24,16,17,26,25,22,23,19,21,18,20
"369",1,1,32,31,30,29,28,27,26,25,24,23,22,21,20,19,18,17,16,15,14,13,12,11,10,9,8,7,6,5,4,3,2,1
"370",1,0,1,2,5,6,3,4,7,9,8,10,11,16,12,32,13,14,15,18,23,20,19,27,24,31,17,28,30,29,22,21,25,26
"371",1,1,32,31,30,29,28,27,26,25,24,23,22,21,20,19,18,17,16,15,14,13,12,11,10,9,8,7,6,5,4,3,2,1
"372",1,0,1,2,4,3,7,5,6,8,10,13,11,9,17,32,12,31,18,16,29,15,14,27,20,19,21,23,30,28,26,22,24,25
"373",1,1,32,31,30,29,28,27,26,25,24,23,22,21,20,19,18,17,16,15,14,13,12,11,10,9,8,7,6,5,4,3,2,1
"374",1,0,1,2,3,4,6,5,7,9,8,10,13,18,31,14,32,11,15,12,19,24,17,30,16,20,29,21,28,22,27,25,23,26
"375",1,1,32,31,30,29,28,27,26,25,24,23,22,21,20,19,18,17,16,15,14,13,12,11,10,9,8,7,6,5,4,3,2,1
"376",1,0,1,2,3,6,4,5,7,12,9,8,10,11,27,32,13,26,14,15,28,31,17,20,16,18,30,29,24,22,19,23,25,21
"377",1,1,32,31,30,29,28,27,26,25,24,23,22,21,20,19,18,17,16,15,14,13,12,11,10,9,8,7,6,5,4,3,2,1
"378",0,1,2,1,3,5,4,6,7,10,8,9,32,13,23,11,12,22,31,28,27,29,25,20,18,30,21,24,14,26,17,15,16,19
"379",1,0,1,3,2,5,4,7,8,21,6,9,10,12,11,31,22,28,13,32,29,20,15,24,26,16,14,23,17,19,30,27,25,18
"380",1,0,1,2,3,4,6,5,14,9,8,7,12,10,13,17,15,32,18,11,31,16,29,28,25,19,23,21,30,27,22,24,20,26
"381",1,1,32,31,30,29,28,27,26,25,24,23,22,21,20,19,18,17,16,15,14,13,12,11,10,9,8,7,6,5,4,3,2,1
"382",0,0,1,2,3,5,4,6,7,8,10,32,9,12,29,16,23,11,30,31,14,28,21,13,15,20,17,27,22,25,26,24,19,18
"383",0,0,1,2,3,4,5,7,6,10,8,11,9,12,32,14,13,30,31,24,28,15,16,29,25,17,23,20,18,26,22,19,21,27
"384",0,0,1,2,3,4,7,5,6,8,20,9,10,15,13,12,14,11,21,29,18,30,17,16,31,32,26,19,24,27,28,23,25,22
"385",0,1,1,2,3,4,6,5,9,7,10,8,32,28,13,11,17,30,12,24,16,27,15,31,14,18,19,22,29,25,26,23,20,21
"386",1,1,32,31,30,29,28,27,26,25,24,23,22,21,20,19,18,17,16,15,14,13,12,11,10,9,8,7,6,5,4,3,2,1
"387",0,1,2,1,3,4,5,6,7,8,13,9,10,12,14,11,15,16,32,18,21,19,17,22,23,20,31,27,24,25,29,30,28,26
"388",1,0,1,2,3,4,5,6,7,32,16,8,17,31,9,30,10,29,28,15,12,11,27,13,18,14,21,26,19,25,20,23,24,22
"389",1,0,1,2,3,4,5,6,14,7,31,8,13,9,12,10,27,11,16,29,18,24,15,17,23,32,19,22,30,28,20,26,25,21
"390",0,0,1,3,4,2,5,6,8,7,31,32,9,29,13,11,10,17,30,15,28,12,27,24,14,25,16,21,26,19,18,22,20,23
"391",1,0,1,2,4,3,6,7,5,8,9,14,13,10,12,23,11,15,32,31,16,30,19,26,18,17,22,28,20,29,21,24,25,27
"392",1,0,1,2,3,5,6,4,7,8,10,14,9,11,12,13,29,31,30,32,15,27,24,18,28,26,17,23,25,16,19,21,22,20
"393",0,1,1,2,4,3,6,5,8,30,7,9,10,13,12,28,11,31,15,19,29,14,32,18,17,27,20,22,16,21,23,25,24,26
"394",1,1,32,31,30,29,28,27,26,25,24,23,22,21,20,19,18,17,16,15,14,13,12,11,10,9,8,7,6,5,4,3,2,1
"395",0,0,1,2,3,4,5,6,25,9,7,10,32,31,8,15,11,16,12,14,13,30,24,27,28,22,21,17,18,26,29,23,20,19
"396",1,0,1,2,3,4,5,6,7,8,9,10,11,31,14,18,32,12,13,16,17,15,27,30,29,26,25,19,20,28,21,22,24,23
"397",1,1,32,31,30,29,28,27,26,25,24,23,22,21,20,19,18,17,16,15,14,13,12,11,10,9,8,7,6,5,4,3,2,1
"398",1,0,1,2,3,4,7,6,5,12,8,9,27,25,32,13,10,14,28,11,30,23,21,15,29,16,31,26,22,17,19,24,20,18
"399",1,1,32,31,30,29,28,27,26,25,24,23,22,21,20,19,18,17,16,15,14,13,12,11,10,9,8,7,6,5,4,3,2,1
"400",0,1,1,3,2,6,4,7,5,8,32,9,23,31,27,11,30,26,29,15,19,10,16,21,18,13,14,28,12,20,24,25,22,17
"401",0,0,1,2,3,5,4,6,7,8,9,11,18,13,31,10,14,17,12,15,32,19,29,30,20,16,23,27,28,26,21,25,24,22
"402",0,0,1,2,3,4,7,6,5,8,9,12,15,32,10,13,11,31,30,19,14,17,28,25,16,23,18,22,29,24,20,27,26,21
"403",1,0,1,3,2,5,4,8,7,6,9,10,19,15,12,31,11,13,32,28,18,16,14,29,26,20,27,30,17,21,25,23,24,22
"404",0,1,1,2,3,4,6,7,9,8,5,31,12,32,11,30,10,18,25,13,29,28,24,15,19,26,14,27,21,16,17,23,20,22
"405",1,1,32,31,30,29,28,27,26,25,24,23,22,21,20,19,18,17,16,15,14,13,12,11,10,9,8,7,6,5,4,3,2,1
"406",1,1,32,31,30,29,28,27,26,25,24,23,22,21,20,19,18,17,16,15,14,13,12,11,10,9,8,7,6,5,4,3,2,1
"407",0,1,2,1,3,6,4,5,11,8,7,15,32,9,13,17,12,14,10,16,31,22,29,30,18,20,28,23,21,24,19,25,26,27
"408",0,0,1,3,2,4,5,6,12,9,7,8,10,32,14,11,13,16,18,17,15,30,19,31,26,24,29,20,23,21,27,28,25,22
"409",0,1,1,2,3,5,4,6,8,9,7,11,13,14,31,12,32,10,25,15,30,24,29,17,28,26,16,18,23,27,20,19,22,21
"410",1,1,32,31,30,29,28,27,26,25,24,23,22,21,20,19,18,17,16,15,14,13,12,11,10,9,8,7,6,5,4,3,2,1
"411",1,1,32,31,30,29,28,27,26,25,24,23,22,21,20,19,18,17,16,15,14,13,12,11,10,9,8,7,6,5,4,3,2,1
"412",1,0,1,2,3,5,4,8,11,6,7,10,9,12,32,29,13,15,27,31,14,20,30,16,23,22,17,19,28,24,18,26,25,21
"413",1,1,32,31,30,29,28,27,26,25,24,23,22,21,20,19,18,17,16,15,14,13,12,11,10,9,8,7,6,5,4,3,2,1
"414",1,0,1,2,3,5,4,6,10,7,8,9,18,16,12,32,30,11,13,15,19,14,26,31,29,25,24,27,22,28,21,20,17,23
"415",0,0,1,2,5,4,3,7,9,6,10,8,12,11,13,16,15,31,21,14,32,27,20,18,29,30,24,17,26,28,19,23,25,22
"416",1,1,32,31,30,29,28,27,26,25,24,23,22,21,20,19,18,17,16,15,14,13,12,11,10,9,8,7,6,5,4,3,2,1
"417",0,0,1,2,3,5,4,6,9,7,10,32,8,11,13,22,16,12,17,14,27,19,15,18,20,21,31,30,24,25,29,23,28,26
"418",0,1,2,1,3,4,5,8,9,6,10,7,12,32,15,14,13,16,11,31,17,18,30,19,20,27,28,29,21,24,25,26,22,23
"419",1,0,1,2,4,3,5,6,7,8,14,9,10,13,11,32,12,31,30,17,18,16,29,28,27,15,19,25,26,20,22,21,23,24
"420",1,0,1,2,4,3,6,5,8,11,9,7,29,32,14,26,31,12,28,13,25,10,27,30,17,15,22,19,16,20,23,18,21,24
"421",1,1,32,31,30,29,28,27,26,25,24,23,22,21,20,19,18,17,16,15,14,13,12,11,10,9,8,7,6,5,4,3,2,1
"422",1,1,32,31,30,29,28,27,26,25,24,23,22,21,20,19,18,17,16,15,14,13,12,11,10,9,8,7,6,5,4,3,2,1
"423",0,0,1,2,5,3,4,7,8,6,9,10,12,11,28,16,18,17,13,32,14,15,31,24,30,29,23,26,25,20,19,22,27,21
"424",1,0,1,3,2,4,6,5,7,8,9,10,32,11,12,31,26,28,18,29,30,15,27,13,25,14,17,20,24,16,19,22,23,21
"425",0,0,1,3,2,4,5,6,8,7,9,32,28,11,10,17,12,30,14,13,31,29,15,18,24,16,25,19,22,26,21,27,23,20
"426",0,1,1,2,3,5,4,8,6,7,10,9,15,12,13,11,17,28,32,14,16,31,30,29,18,22,20,25,19,23,27,21,26,24
"427",1,0,1,2,3,4,5,8,7,6,12,10,9,14,11,16,31,13,32,17,15,30,18,24,19,25,27,21,22,28,23,20,29,26
"428",0,0,1,3,2,4,5,6,7,31,32,8,9,11,10,28,14,25,13,27,30,12,19,18,29,15,16,24,26,20,22,21,17,23
"429",0,0,1,2,3,4,5,6,9,8,11,7,10,13,12,14,32,31,26,28,29,19,23,25,16,15,24,30,17,20,22,27,18,21
"430",1,1,32,31,30,29,28,27,26,25,24,23,22,21,20,19,18,17,16,15,14,13,12,11,10,9,8,7,6,5,4,3,2,1
"431",1,0,1,2,3,6,4,5,7,8,9,10,11,13,12,31,14,15,16,32,18,30,20,28,29,17,26,25,27,19,21,22,23,24
"432",0,1,1,2,3,4,7,5,6,11,9,8,10,16,15,13,25,12,17,14,18,32,19,21,22,23,31,30,20,28,29,24,26,27
"433",1,0,1,2,4,3,6,5,8,7,24,9,10,30,11,17,13,14,12,32,28,26,31,29,27,15,18,16,23,22,25,19,20,21
"434",0,0,1,2,3,4,7,5,6,10,15,8,32,9,13,14,11,12,16,27,19,17,21,31,23,18,29,30,26,22,20,28,24,25
"435",1,1,32,31,30,29,28,27,26,25,24,23,22,21,20,19,18,17,16,15,14,13,12,11,10,9,8,7,6,5,4,3,2,1
"436",0,0,1,3,2,4,5,6,7,8,12,9,32,11,14,15,10,29,13,21,31,17,16,28,18,27,30,20,23,19,26,24,25,22
"437",0,0,1,2,3,4,5,7,25,6,9,32,28,31,30,8,11,15,12,13,10,16,27,14,17,19,21,18,29,20,24,23,22,26
"438",1,1,32,31,30,29,28,27,26,25,24,23,22,21,20,19,18,17,16,15,14,13,12,11,10,9,8,7,6,5,4,3,2,1
"439",1,1,32,31,30,29,28,27,26,25,24,23,22,21,20,19,18,17,16,15,14,13,12,11,10,9,8,7,6,5,4,3,2,1
"440",1,0,1,2,3,5,4,6,8,9,7,14,10,13,12,26,11,15,30,31,22,18,21,16,24,17,32,20,27,29,25,19,23,28
"441",1,1,32,31,30,29,28,27,26,25,24,23,22,21,20,19,18,17,16,15,14,13,12,11,10,9,8,7,6,5,4,3,2,1
"442",0,0,1,2,4,3,5,9,6,7,13,14,10,8,18,11,12,32,30,15,28,31,26,29,16,17,27,25,19,21,20,23,24,22
"443",0,0,2,1,3,4,5,7,6,8,10,26,9,31,14,11,12,15,16,21,30,32,17,29,13,27,22,25,20,23,28,24,19,18
"444",0,1,1,2,3,4,5,6,12,7,9,30,10,8,32,11,31,13,17,14,15,24,28,26,20,16,21,27,29,19,22,25,18,23
"445",0,1,1,2,4,3,7,5,6,32,8,9,10,29,13,11,12,30,31,15,27,19,16,14,17,21,18,22,28,20,24,25,26,23
"446",0,1,1,2,3,4,6,5,7,32,8,9,10,11,21,30,20,31,13,26,15,28,12,17,16,29,19,25,14,18,22,24,23,27
"447",1,1,32,31,30,29,28,27,26,25,24,23,22,21,20,19,18,17,16,15,14,13,12,11,10,9,8,7,6,5,4,3,2,1
"448",1,1,32,31,30,29,28,27,26,25,24,23,22,21,20,19,18,17,16,15,14,13,12,11,10,9,8,7,6,5,4,3,2,1
"449",0,1,1,2,3,4,5,7,6,9,11,8,30,10,31,28,12,32,29,17,16,13,25,14,24,19,18,15,22,21,26,20,23,27
"450",0,0,1,2,3,4,5,7,8,6,10,9,23,11,30,12,31,29,24,32,27,13,14,26,20,28,17,15,25,22,16,18,19,21
"451",0,0,1,2,3,4,6,5,8,7,10,32,31,9,30,17,29,13,11,12,14,16,22,15,28,25,27,26,24,21,18,20,23,19
"452",0,1,2,1,3,6,4,5,7,8,10,9,12,16,13,11,20,14,18,32,29,15,26,31,17,25,19,30,27,22,28,24,21,23
"453",1,0,1,2,4,3,5,6,7,18,10,8,9,17,15,28,12,20,19,14,11,23,13,32,31,16,30,27,22,25,26,29,21,24
"454",0,1,1,2,3,4,5,6,7,10,8,9,12,11,13,32,29,14,30,16,25,31,18,17,15,27,28,24,22,20,19,23,26,21
"455",1,0,1,3,2,4,5,6,32,7,9,8,10,11,13,30,31,29,12,28,27,18,22,14,15,26,24,17,16,25,23,21,19,20
"456",1,1,32,31,30,29,28,27,26,25,24,23,22,21,20,19,18,17,16,15,14,13,12,11,10,9,8,7,6,5,4,3,2,1
"457",1,0,1,2,3,4,7,5,6,9,8,10,15,11,32,13,19,14,12,17,30,16,31,18,28,26,22,23,24,21,29,25,20,27
"458",1,0,1,2,3,4,7,6,5,8,12,10,11,9,31,23,30,32,16,13,28,29,17,22,27,21,15,19,18,14,20,25,24,26
"459",0,0,1,2,5,3,6,4,7,14,8,32,11,31,9,21,15,30,10,12,13,28,17,22,29,16,18,25,27,24,23,19,26,20
"460",1,0,1,2,3,4,28,5,6,7,8,10,9,11,13,12,18,14,30,16,32,15,20,17,23,31,25,21,19,29,24,27,26,22
"461",0,0,1,2,3,4,5,6,7,11,8,9,13,10,12,30,23,16,17,26,15,32,18,31,14,19,27,20,22,24,21,29,25,28
"462",1,1,32,31,30,29,28,27,26,25,24,23,22,21,20,19,18,17,16,15,14,13,12,11,10,9,8,7,6,5,4,3,2,1
"463",0,0,1,2,3,4,6,7,5,8,9,10,11,12,32,19,15,16,14,17,29,13,23,30,31,18,22,21,20,28,27,24,26,25
"464",0,1,1,2,3,4,5,7,6,8,10,11,9,13,14,32,28,12,15,18,21,31,17,16,30,20,29,19,22,24,27,25,23,26
"465",0,0,1,2,4,3,6,5,9,10,7,8,15,25,30,31,21,32,11,12,26,28,29,13,18,16,19,14,27,20,22,17,24,23
"466",1,1,32,31,30,29,28,27,26,25,24,23,22,21,20,19,18,17,16,15,14,13,12,11,10,9,8,7,6,5,4,3,2,1
"467",1,0,1,2,4,3,5,14,7,6,8,32,10,13,31,11,9,12,30,15,19,17,18,16,29,28,21,27,22,26,20,24,25,23
"468",1,0,2,1,3,4,5,8,6,7,10,12,31,32,9,30,11,13,15,14,26,19,28,16,27,25,29,22,17,18,20,24,21,23
"469",0,0,1,3,2,4,5,6,7,13,30,10,11,8,12,9,17,14,31,32,29,28,27,19,15,18,24,16,26,25,20,23,21,22
"470",0,0,1,2,3,4,6,5,7,8,10,12,9,11,18,28,29,15,17,23,16,21,14,13,19,26,22,20,32,31,24,30,27,25
"471",1,1,32,31,30,29,28,27,26,25,24,23,22,21,20,19,18,17,16,15,14,13,12,11,10,9,8,7,6,5,4,3,2,1
"472",0,0,1,2,3,4,6,5,8,9,7,10,18,15,11,14,31,32,29,30,17,12,13,28,16,20,19,22,25,21,24,26,27,23
"473",1,0,1,3,2,4,6,7,5,10,17,8,32,15,14,12,9,16,13,11,31,19,30,24,29,18,22,28,20,27,25,26,21,23
"474",1,0,1,2,3,5,4,7,6,9,8,10,16,11,14,31,12,32,15,13,27,30,18,19,29,21,20,17,24,23,28,22,26,25
"475",0,1,1,2,4,3,5,6,8,7,10,12,11,16,13,9,32,20,31,14,15,28,17,18,19,30,29,22,27,26,21,23,24,25
"476",1,1,32,31,30,29,28,27,26,25,24,23,22,21,20,19,18,17,16,15,14,13,12,11,10,9,8,7,6,5,4,3,2,1
"477",0,1,1,2,3,4,5,6,7,8,9,14,10,11,25,12,28,13,16,32,15,18,31,27,29,30,19,26,24,23,17,21,22,20
"478",1,0,1,4,2,3,5,10,6,7,15,12,9,11,18,31,8,21,32,13,16,19,30,14,17,29,25,24,28,20,22,23,27,26
"479",0,0,1,2,3,4,5,8,6,7,31,10,9,30,22,32,11,12,15,19,13,17,28,14,26,29,27,25,16,24,18,21,23,20
"480",1,1,32,31,30,29,28,27,26,25,24,23,22,21,20,19,18,17,16,15,14,13,12,11,10,9,8,7,6,5,4,3,2,1
"481",0,0,1,2,4,3,5,9,6,8,7,24,10,31,16,11,17,12,32,13,30,14,15,28,27,22,29,26,18,23,25,19,20,21
"482",1,1,32,31,30,29,28,27,26,25,24,23,22,21,20,19,18,17,16,15,14,13,12,11,10,9,8,7,6,5,4,3,2,1
"483",0,1,1,4,2,3,6,5,7,10,8,9,12,18,11,17,32,27,15,20,16,28,19,13,23,14,31,21,26,24,30,25,29,22
"484",1,0,1,3,2,4,5,6,7,10,8,30,9,25,31,11,13,12,21,14,32,23,29,27,15,17,24,18,28,16,22,19,26,20
"485",1,1,32,31,30,29,28,27,26,25,24,23,22,21,20,19,18,17,16,15,14,13,12,11,10,9,8,7,6,5,4,3,2,1
"486",1,0,1,3,2,5,6,4,8,7,10,9,11,12,14,32,13,15,18,16,30,17,29,31,19,28,23,24,20,22,26,25,27,21
"487",1,0,1,2,3,4,5,6,11,9,8,7,31,30,32,10,12,14,28,15,22,21,16,29,27,13,25,26,23,17,24,19,18,20
"488",1,1,32,31,30,29,28,27,26,25,24,23,22,21,20,19,18,17,16,15,14,13,12,11,10,9,8,7,6,5,4,3,2,1
"489",1,0,1,2,3,4,5,6,8,7,10,11,9,16,13,15,14,32,31,19,12,29,20,28,26,22,17,30,18,25,27,23,24,21
"490",1,1,32,31,30,29,28,27,26,25,24,23,22,21,20,19,18,17,16,15,14,13,12,11,10,9,8,7,6,5,4,3,2,1
"491",0,1,1,2,3,4,5,6,7,8,12,9,13,29,11,32,10,16,14,30,18,31,15,20,17,26,19,21,28,27,25,23,24,22
"492",0,1,1,2,3,4,5,6,7,22,9,8,31,12,10,30,11,14,32,13,29,15,16,17,27,20,28,19,26,18,21,25,23,24
"493",0,0,2,1,3,4,6,7,8,5,32,12,31,11,9,10,14,15,17,18,28,13,24,16,20,23,30,19,21,22,29,26,25,27
"494",0,0,1,2,5,3,4,7,6,11,10,8,12,9,15,14,13,18,32,16,30,21,31,17,24,19,29,20,23,26,22,27,25,28
"495",0,0,1,2,3,5,4,7,9,10,13,8,6,11,15,32,27,12,29,16,28,14,17,31,25,18,30,20,19,26,24,23,22,21
"496",1,0,1,2,3,4,5,6,7,8,9,11,12,32,13,10,17,19,27,15,18,14,16,28,20,24,31,22,21,29,23,26,30,25
"497",1,0,1,2,3,4,5,8,6,10,32,12,14,7,13,9,15,16,17,11,19,27,31,18,24,25,23,21,30,29,20,22,26,28
"498",0,1,1,2,3,4,6,5,8,7,10,9,20,11,14,12,13,18,19,32,17,15,25,16,21,29,31,27,22,23,28,26,30,24
"499",0,0,1,2,3,5,7,6,4,8,10,16,9,17,12,13,32,11,31,30,20,14,15,19,23,18,27,29,21,25,24,26,22,28
"500",0,1,1,2,4,3,5,6,7,8,30,9,17,21,11,10,32,15,12,16,14,13,18,31,20,29,19,28,24,25,26,23,27,22
"501",1,0,1,2,3,4,6,5,7,9,13,8,12,10,32,30,15,11,31,14,24,18,26,16,22,29,17,28,19,20,27,25,23,21
"502",0,0,1,3,2,4,5,6,7,8,12,10,9,11,17,14,32,15,18,30,28,21,16,29,13,26,31,23,20,19,25,27,24,22
"503",0,1,1,2,3,4,5,6,7,8,9,15,12,11,19,32,10,27,17,29,31,13,16,14,25,18,30,28,26,22,24,21,23,20
"504",1,1,32,31,30,29,28,27,26,25,24,23,22,21,20,19,18,17,16,15,14,13,12,11,10,9,8,7,6,5,4,3,2,1
"505",1,0,1,3,2,4,5,9,8,7,6,11,32,10,12,21,30,16,13,27,25,26,14,31,17,23,15,20,29,18,22,28,19,24
"506",1,1,32,31,30,29,28,27,26,25,24,23,22,21,20,19,18,17,16,15,14,13,12,11,10,9,8,7,6,5,4,3,2,1
"507",1,0,1,3,2,4,5,7,6,9,10,8,11,25,32,16,15,12,30,13,27,31,20,26,14,19,29,18,17,23,21,22,28,24
"508",0,0,1,3,2,4,5,7,8,6,9,19,10,11,13,14,12,16,15,17,21,22,32,20,18,24,23,31,30,29,25,27,28,26
"509",0,0,1,2,4,3,5,6,7,8,9,10,30,12,13,32,18,28,11,14,15,17,31,21,29,16,19,22,27,23,24,20,26,25
"510",1,0,1,2,3,5,4,6,14,7,8,10,13,9,15,11,18,12,23,17,32,22,31,29,20,16,26,30,19,27,21,28,25,24
"511",0,1,1,2,3,6,4,5,8,7,10,9,32,30,13,15,29,22,14,11,31,12,25,16,19,17,28,18,27,26,21,24,23,20
"512",1,0,1,2,3,4,6,5,8,7,9,12,11,30,10,32,13,31,14,28,18,20,21,22,17,15,29,16,26,25,19,27,23,24
"513",0,0,1,2,3,5,4,6,8,9,12,7,11,14,32,10,13,29,31,16,15,18,25,30,28,22,17,27,21,26,24,19,20,23
"514",0,1,1,2,4,3,5,7,6,11,12,8,13,30,14,10,16,9,29,32,31,17,15,18,26,25,19,27,23,24,28,21,20,22
"515",1,1,32,31,30,29,28,27,26,25,24,23,22,21,20,19,18,17,16,15,14,13,12,11,10,9,8,7,6,5,4,3,2,1
"516",0,0,1,2,3,5,6,4,8,7,31,30,9,11,16,10,32,14,13,12,15,19,26,27,23,17,29,18,20,24,21,22,28,25
"517",1,0,1,3,4,2,8,5,7,6,9,31,10,16,11,13,12,14,32,15,17,28,30,21,18,20,23,19,22,27,29,25,24,26
"518",0,1,1,2,5,3,4,6,7,8,12,9,10,32,30,13,14,11,31,28,25,27,15,22,29,21,16,17,26,24,18,19,23,20
"519",0,0,2,1,4,3,5,6,7,8,10,9,12,27,14,32,11,29,30,17,31,19,13,16,21,15,28,18,20,26,24,22,25,23
"520",1,0,1,2,3,4,8,5,7,6,13,22,10,19,9,12,31,14,11,32,26,17,24,15,21,30,25,18,29,16,20,28,23,27
"521",0,1,1,2,3,4,5,7,6,9,8,32,22,12,31,25,13,15,28,10,30,14,11,29,16,17,19,18,26,23,27,21,20,24
"522",0,1,1,2,3,4,5,6,7,10,8,9,32,12,11,13,14,16,15,18,31,20,28,30,17,27,19,22,25,29,21,26,24,23
"523",0,0,1,2,4,3,5,6,7,8,9,10,22,12,13,11,15,16,14,26,20,17,23,30,32,18,19,31,25,29,21,24,27,28
"524",1,0,1,2,3,5,4,6,10,8,7,12,9,13,30,19,11,20,32,18,14,15,31,17,28,16,29,24,21,25,26,22,27,23
"525",0,0,1,2,4,5,3,6,7,8,9,10,15,14,12,11,32,31,27,30,13,16,29,28,26,17,20,24,19,18,21,25,22,23
"526",1,1,32,31,30,29,28,27,26,25,24,23,22,21,20,19,18,17,16,15,14,13,12,11,10,9,8,7,6,5,4,3,2,1
"527",1,1,32,31,30,29,28,27,26,25,24,23,22,21,20,19,18,17,16,15,14,13,12,11,10,9,8,7,6,5,4,3,2,1
"528",0,0,1,2,3,4,5,6,7,8,9,32,11,15,10,12,31,18,13,16,23,20,14,21,17,30,19,29,22,28,25,24,26,27
"529",0,0,1,2,3,5,4,8,6,9,7,12,25,10,11,29,13,18,15,32,14,30,24,26,16,17,31,22,28,19,21,27,23,20
"530",1,0,1,2,3,4,5,6,9,8,7,10,13,11,12,15,20,16,19,31,14,18,23,17,26,30,21,28,32,22,25,24,29,27
"531",0,0,1,2,3,4,5,6,8,7,12,11,9,32,10,15,21,17,16,13,14,18,29,31,19,30,20,24,26,22,28,23,27,25
"532",0,0,1,2,3,5,4,6,7,9,10,8,11,32,30,12,31,15,13,18,16,14,22,29,17,26,20,28,27,25,21,24,19,23
"533",1,0,1,2,3,5,4,7,8,6,11,9,14,10,17,13,12,15,20,16,18,19,32,21,28,23,30,31,22,25,24,26,29,27
"534",0,0,1,2,3,4,5,6,8,7,9,11,12,19,10,14,31,13,23,15,17,18,27,32,16,30,24,21,28,20,29,22,26,25
"535",0,0,1,3,2,5,4,10,6,7,8,9,12,18,11,14,32,28,20,13,30,31,15,22,29,19,25,26,27,21,17,16,23,24
"536",0,1,1,2,3,4,5,7,11,6,12,8,9,10,14,15,17,13,32,21,16,19,18,28,31,27,29,23,30,22,20,25,24,26
"537",1,0,1,2,3,4,6,7,5,9,8,10,14,13,11,12,16,15,27,32,17,18,19,29,28,31,21,25,22,23,20,30,24,26
"538",1,0,1,3,2,4,5,6,7,15,8,10,9,32,12,23,11,14,19,13,16,29,17,26,31,20,21,18,30,27,22,28,25,24
"539",0,0,1,3,2,4,5,7,6,9,8,10,11,31,12,18,15,22,32,13,16,14,30,17,20,29,24,25,19,28,21,27,26,23
"540",0,1,1,3,4,2,5,6,9,7,8,32,11,10,31,12,27,24,30,25,29,28,14,13,26,20,23,17,16,15,19,21,18,22
"541",0,1,1,3,2,4,5,6,11,7,8,17,10,9,12,32,13,22,14,15,18,19,24,31,29,20,16,30,25,21,26,28,23,27
"542",0,0,1,2,4,3,6,9,5,7,29,10,8,32,23,11,12,14,31,18,21,16,17,13,28,30,19,15,24,25,20,22,26,27
"543",0,1,1,2,3,5,4,6,7,10,8,9,15,12,13,11,20,14,32,31,27,30,16,17,28,29,19,24,18,23,25,22,21,26
"544",0,1,1,2,4,3,5,6,8,9,10,7,12,32,13,14,11,28,26,31,24,30,15,16,29,19,17,21,18,22,27,20,25,23
"545",1,1,32,31,30,29,28,27,26,25,24,23,22,21,20,19,18,17,16,15,14,13,12,11,10,9,8,7,6,5,4,3,2,1
"546",0,1,1,3,4,2,5,8,7,6,10,12,28,32,15,13,9,31,11,16,29,14,18,27,30,20,19,17,21,25,22,23,26,24
"547",1,1,32,31,30,29,28,27,26,25,24,23,22,21,20,19,18,17,16,15,14,13,12,11,10,9,8,7,6,5,4,3,2,1
"548",1,0,2,1,4,3,6,5,7,32,9,8,10,11,12,14,13,17,31,18,24,30,28,29,15,27,19,16,20,25,23,22,26,21
"549",1,0,1,3,2,4,5,8,7,6,10,11,9,13,18,30,12,17,16,15,14,32,23,21,19,22,20,31,26,24,28,25,27,29
"550",0,0,1,2,3,4,7,5,6,8,10,11,32,14,25,9,12,22,28,29,31,19,21,30,23,13,16,17,15,18,26,24,27,20
"551",0,0,1,2,3,4,5,7,6,9,8,10,31,23,11,27,28,29,32,30,17,18,13,12,25,16,26,22,14,19,21,20,15,24
"552",0,1,1,2,3,4,5,8,7,6,13,10,9,11,12,15,19,31,14,17,18,20,32,22,16,21,30,25,29,28,24,27,23,26
"553",0,1,1,2,3,5,4,6,7,30,9,8,12,29,31,11,10,13,28,32,26,27,15,23,24,25,14,18,17,19,16,21,22,20
"554",0,0,1,3,2,5,4,6,8,7,13,10,11,32,9,12,15,14,17,23,30,31,16,25,18,19,27,28,22,20,21,24,26,29
"555",1,1,32,31,30,29,28,27,26,25,24,23,22,21,20,19,18,17,16,15,14,13,12,11,10,9,8,7,6,5,4,3,2,1
"556",0,0,1,2,5,3,4,6,9,12,7,14,8,18,15,10,11,22,26,13,16,32,31,17,29,19,25,30,28,24,20,27,23,21
"557",0,0,1,2,4,3,5,6,7,9,12,11,8,31,10,32,13,20,15,29,16,14,19,24,27,30,18,25,23,17,28,22,21,26
"558",0,1,1,2,4,3,10,5,12,6,7,9,29,13,8,11,32,14,30,15,16,17,21,31,18,20,19,22,27,23,26,25,28,24
"559",0,1,1,2,3,7,4,6,5,8,11,10,9,29,12,15,14,13,17,18,20,30,16,31,19,32,24,27,25,23,22,28,21,26
"560",1,0,1,2,3,5,4,6,10,7,32,12,8,13,11,14,9,15,26,20,29,16,30,24,31,28,17,25,19,27,18,23,21,22
"561",0,0,2,1,3,4,6,5,7,8,29,31,11,12,28,9,32,10,14,30,17,15,13,16,20,22,27,25,19,24,26,18,23,21
"562",1,1,32,31,30,29,28,27,26,25,24,23,22,21,20,19,18,17,16,15,14,13,12,11,10,9,8,7,6,5,4,3,2,1
"563",1,0,1,2,3,4,6,5,9,32,7,8,12,13,11,14,10,31,17,16,15,29,19,20,24,27,28,26,30,25,18,23,22,21
"564",0,0,1,2,3,4,5,6,8,7,9,10,11,15,31,12,13,14,16,24,17,18,22,28,29,30,23,32,27,19,21,26,20,25
"565",1,1,32,31,30,29,28,27,26,25,24,23,22,21,20,19,18,17,16,15,14,13,12,11,10,9,8,7,6,5,4,3,2,1
"566",1,1,32,31,30,29,28,27,26,25,24,23,22,21,20,19,18,17,16,15,14,13,12,11,10,9,8,7,6,5,4,3,2,1
"567",1,0,1,2,3,4,5,8,6,9,7,13,12,10,11,15,30,14,31,32,16,17,28,23,29,19,21,25,18,20,24,27,26,22
"568",0,0,1,2,4,3,8,5,6,9,7,10,32,12,27,11,18,13,31,29,14,30,17,28,24,15,19,21,22,20,26,16,23,25
"569",0,1,1,2,3,4,6,5,10,7,8,13,9,16,12,17,14,15,11,32,18,29,30,31,26,28,22,20,27,25,21,24,23,19
"570",0,0,1,2,3,4,9,5,6,32,10,8,7,11,30,12,14,27,31,13,17,19,29,16,28,21,15,18,23,25,26,22,20,24
"571",0,0,1,2,3,4,6,5,7,10,9,8,14,32,11,12,30,17,13,31,16,15,22,19,28,21,23,18,20,24,27,26,29,25
"572",1,0,1,3,2,5,6,7,4,8,10,9,16,31,14,11,15,32,13,21,12,18,17,20,25,27,19,26,30,29,24,23,22,28
"573",0,0,1,2,3,4,5,6,7,8,9,15,11,32,10,31,12,13,30,29,28,18,24,20,16,14,17,23,25,22,19,26,21,27
"574",0,0,1,2,4,3,5,7,6,9,8,10,32,17,12,11,15,13,31,29,18,14,28,16,30,19,20,21,27,25,24,26,22,23
"575",0,0,1,2,3,4,5,6,7,8,10,27,11,31,9,16,14,12,13,28,15,20,17,30,29,32,21,25,18,24,19,23,22,26
"576",1,1,32,31,30,29,28,27,26,25,24,23,22,21,20,19,18,17,16,15,14,13,12,11,10,9,8,7,6,5,4,3,2,1
"577",1,1,32,31,30,29,28,27,26,25,24,23,22,21,20,19,18,17,16,15,14,13,12,11,10,9,8,7,6,5,4,3,2,1
"578",1,0,1,2,5,3,4,6,8,11,9,32,7,12,16,10,29,17,13,31,18,30,23,14,15,27,28,26,19,24,22,20,25,21
"579",0,0,1,2,3,4,5,7,9,6,8,10,20,32,12,11,16,14,31,13,17,18,15,23,19,24,30,22,29,21,25,26,27,28
"580",0,1,1,2,3,4,5,6,7,31,8,9,11,10,12,32,27,16,13,15,20,14,23,29,17,30,28,26,19,24,25,18,21,22
"581",1,0,1,2,4,3,6,5,7,14,8,19,10,32,9,25,13,27,11,31,12,28,30,16,23,29,15,21,26,20,18,24,17,22
"582",1,1,32,31,30,29,28,27,26,25,24,23,22,21,20,19,18,17,16,15,14,13,12,11,10,9,8,7,6,5,4,3,2,1
"583",0,0,1,2,3,4,5,6,7,8,9,15,10,32,31,11,16,13,12,18,19,29,14,17,30,20,25,28,21,27,26,22,23,24
"584",0,1,1,2,3,5,4,6,8,7,11,9,31,10,13,29,32,15,17,12,16,30,14,20,25,27,18,26,23,19,22,28,24,21
"585",1,0,2,1,3,4,5,9,7,6,8,11,10,14,17,12,15,13,32,19,26,16,20,29,31,27,28,30,22,18,24,21,23,25
"586",1,0,1,2,3,5,4,6,8,7,10,11,9,14,13,22,12,27,20,15,23,32,16,19,21,17,18,31,24,25,28,30,26,29
"587",1,0,1,3,2,4,6,7,5,8,9,13,28,11,18,10,12,14,16,15,21,17,22,23,26,32,20,19,27,31,30,29,24,25
"588",1,0,1,2,4,3,5,25,6,8,7,11,9,10,32,14,28,12,13,27,31,30,22,29,16,20,21,15,24,18,23,17,26,19
"589",1,0,1,2,3,4,5,8,7,6,9,11,10,13,32,12,14,17,15,31,16,21,18,19,28,30,27,29,22,20,26,25,24,23
"590",1,0,1,2,4,3,7,5,6,9,10,21,8,12,13,32,11,14,17,15,16,18,31,30,20,19,28,22,26,25,27,23,24,29
"591",0,1,1,2,3,4,5,6,9,10,8,7,11,14,32,31,13,12,15,28,30,21,17,16,18,22,19,23,29,26,20,25,27,24
"592",1,0,1,2,4,3,5,6,11,9,7,31,8,10,32,13,12,24,16,14,28,15,30,22,25,17,19,18,27,21,20,26,29,23
"593",1,0,1,2,3,5,4,9,6,7,8,11,15,12,10,13,24,17,16,18,14,26,32,27,25,31,21,29,30,20,19,23,22,28
"594",1,0,1,3,2,4,5,6,7,8,20,10,9,12,32,13,30,18,11,21,14,28,31,15,17,26,27,22,24,16,23,29,19,25
"595",1,0,1,2,3,4,5,31,8,6,7,30,32,10,9,17,11,12,23,14,21,13,16,22,19,29,28,18,15,20,24,25,27,26
"596",1,0,2,1,3,4,6,5,8,7,32,31,9,10,11,13,28,14,12,23,16,30,15,17,29,22,18,27,19,26,24,25,20,21
"597",1,0,1,2,4,5,3,11,6,7,8,9,10,32,15,31,30,12,28,14,13,26,29,27,24,23,19,17,20,16,18,22,21,25
"598",1,1,32,31,30,29,28,27,26,25,24,23,22,21,20,19,18,17,16,15,14,13,12,11,10,9,8,7,6,5,4,3,2,1
"599",0,1,1,2,3,5,4,7,6,9,16,8,32,31,10,13,12,29,14,15,11,26,28,30,17,27,24,18,25,19,23,22,21,20
"600",0,1,1,3,2,5,4,6,8,7,11,9,10,32,12,20,31,15,13,27,30,14,29,16,17,18,28,23,21,26,19,25,24,22
"601",0,0,1,2,3,5,8,4,9,6,7,12,16,17,11,15,10,30,13,19,14,32,21,31,20,26,27,18,25,22,29,28,23,24
"602",0,0,1,3,2,5,4,6,8,10,7,9,16,12,32,13,30,15,11,14,29,24,31,17,18,20,25,26,27,23,28,19,22,21
"603",1,1,32,31,30,29,28,27,26,25,24,23,22,21,20,19,18,17,16,15,14,13,12,11,10,9,8,7,6,5,4,3,2,1
"604",0,1,1,2,4,3,5,7,6,10,8,11,9,32,15,12,14,26,31,13,16,29,24,17,30,21,19,28,22,27,18,25,20,23
"605",0,0,1,2,3,4,5,7,6,10,8,12,17,11,9,30,13,23,14,32,21,31,15,28,16,27,26,19,18,29,25,22,20,24
"606",1,0,1,2,3,4,5,6,7,9,8,12,11,10,13,31,32,17,14,29,15,23,30,24,28,16,26,20,27,21,18,19,25,22
"607",1,0,1,2,6,4,3,7,5,30,8,13,28,32,11,9,29,10,27,12,14,18,15,22,16,20,31,17,26,25,24,19,23,21
"608",1,1,32,31,30,29,28,27,26,25,24,23,22,21,20,19,18,17,16,15,14,13,12,11,10,9,8,7,6,5,4,3,2,1
"609",0,0,1,2,3,4,5,6,7,8,9,13,10,12,32,14,11,31,27,20,15,19,30,16,28,17,21,23,18,24,29,25,26,22
"610",0,1,1,2,3,5,4,7,6,8,11,9,13,32,10,31,14,29,12,18,16,28,15,17,26,24,22,21,20,23,19,25,30,27
"611",1,0,1,2,5,3,4,6,7,9,8,10,15,32,14,20,11,12,13,31,25,17,16,27,18,30,29,26,23,21,28,22,24,19
"612",0,0,1,2,3,4,5,8,9,6,14,15,11,10,7,12,13,32,31,16,21,30,17,22,27,20,18,24,29,23,28,19,26,25
"613",0,0,2,1,3,4,5,6,7,9,8,13,11,16,10,12,22,14,18,32,15,27,17,21,19,31,29,20,25,28,26,30,23,24
"614",1,0,1,2,3,4,5,7,6,10,9,8,12,14,11,16,17,13,19,15,29,18,30,26,32,20,28,21,24,22,31,27,23,25
"615",1,1,32,31,30,29,28,27,26,25,24,23,22,21,20,19,18,17,16,15,14,13,12,11,10,9,8,7,6,5,4,3,2,1
"616",1,1,32,31,30,29,28,27,26,25,24,23,22,21,20,19,18,17,16,15,14,13,12,11,10,9,8,7,6,5,4,3,2,1
"617",1,1,32,31,30,29,28,27,26,25,24,23,22,21,20,19,18,17,16,15,14,13,12,11,10,9,8,7,6,5,4,3,2,1
"618",0,1,1,2,3,4,6,5,7,8,9,11,10,14,13,15,18,12,17,19,21,16,29,32,20,30,31,23,22,24,25,26,28,27
"619",1,1,32,31,30,29,28,27,26,25,24,23,22,21,20,19,18,17,16,15,14,13,12,11,10,9,8,7,6,5,4,3,2,1
"620",1,0,1,2,3,4,6,8,5,7,12,13,10,9,11,32,15,31,14,26,18,16,29,23,17,21,27,25,19,30,20,28,22,24
"621",0,1,1,4,2,3,5,7,8,6,9,10,11,32,12,13,30,31,29,21,15,25,24,14,26,28,27,19,18,22,20,17,16,23
"622",0,0,1,2,3,4,5,32,7,6,8,10,31,12,11,9,27,29,13,30,25,15,28,24,26,22,14,16,17,18,20,19,23,21
"623",0,1,1,3,2,4,5,6,8,7,10,29,32,9,11,13,15,31,19,30,26,28,12,14,27,18,25,17,20,22,24,16,23,21
"624",1,1,32,31,30,29,28,27,26,25,24,23,22,21,20,19,18,17,16,15,14,13,12,11,10,9,8,7,6,5,4,3,2,1
"625",1,1,32,31,30,29,28,27,26,25,24,23,22,21,20,19,18,17,16,15,14,13,12,11,10,9,8,7,6,5,4,3,2,1
"626",0,1,1,2,3,5,4,11,6,12,7,8,13,10,9,27,32,14,15,31,28,30,25,17,21,29,26,20,19,16,23,24,22,18
"627",0,0,1,2,3,4,5,8,32,7,6,9,31,11,13,10,12,30,15,17,28,14,24,16,26,29,25,20,22,18,23,19,27,21
"628",1,1,32,31,30,29,28,27,26,25,24,23,22,21,20,19,18,17,16,15,14,13,12,11,10,9,8,7,6,5,4,3,2,1
"629",1,1,32,31,30,29,28,27,26,25,24,23,22,21,20,19,18,17,16,15,14,13,12,11,10,9,8,7,6,5,4,3,2,1
"630",0,0,1,2,3,5,4,6,8,14,9,29,7,32,30,16,10,23,15,13,12,31,11,17,25,18,28,27,19,26,22,24,21,20
"631",1,1,32,31,30,29,28,27,26,25,24,23,22,21,20,19,18,17,16,15,14,13,12,11,10,9,8,7,6,5,4,3,2,1
"632",0,0,1,2,3,4,5,6,7,8,12,9,13,11,14,32,22,10,15,31,29,18,17,26,30,21,16,20,19,28,25,24,27,23
"633",1,0,2,1,3,4,5,6,9,7,8,10,11,31,25,13,12,14,32,15,20,18,16,17,21,27,19,30,29,22,26,28,24,23
"634",0,0,1,2,3,5,4,6,10,18,8,9,7,13,14,16,22,11,32,29,12,31,15,30,25,23,17,21,19,28,20,27,24,26
"635",0,1,1,2,3,4,5,6,8,10,9,7,13,11,12,19,32,16,15,14,31,18,22,21,20,17,26,28,24,23,29,30,27,25
"636",1,1,32,31,30,29,28,27,26,25,24,23,22,21,20,19,18,17,16,15,14,13,12,11,10,9,8,7,6,5,4,3,2,1
"637",0,0,1,2,3,4,6,5,10,7,8,11,9,19,32,12,31,27,13,29,24,28,14,25,16,15,30,21,18,23,17,20,22,26
"638",0,0,1,2,4,3,5,6,12,7,8,10,9,11,13,32,16,30,19,31,21,24,14,22,28,15,27,29,26,25,23,17,20,18
"639",0,1,1,2,3,4,5,6,7,8,9,32,10,12,11,28,29,31,30,15,25,18,24,13,26,16,23,27,22,14,17,21,19,20
"640",0,1,1,2,3,5,7,4,11,8,10,6,32,16,12,9,13,27,28,31,18,30,29,21,25,26,14,15,22,23,17,24,20,19
"641",1,1,32,31,30,29,28,27,26,25,24,23,22,21,20,19,18,17,16,15,14,13,12,11,10,9,8,7,6,5,4,3,2,1
"642",0,0,1,2,3,5,4,8,6,7,10,12,11,9,15,17,13,14,18,20,16,32,19,29,22,26,31,23,21,28,25,24,27,30
"643",0,0,1,2,4,5,3,6,8,7,9,10,13,11,31,12,26,15,18,14,22,32,16,30,17,20,19,23,28,27,21,29,24,25
"644",0,1,1,2,3,4,5,6,8,7,9,10,11,13,15,12,14,16,17,30,20,32,28,25,18,19,31,23,26,29,21,24,27,22
"645",0,0,1,2,6,3,4,5,20,8,7,29,9,12,11,32,10,13,28,24,31,17,18,30,14,15,23,27,19,16,21,26,22,25
"646",1,0,1,2,3,5,4,6,10,7,8,11,32,9,15,12,31,14,18,16,17,13,30,20,26,29,19,28,25,24,22,27,23,21
"647",0,1,1,2,3,4,8,5,7,6,9,11,32,12,14,13,10,17,28,15,20,29,16,18,19,23,31,30,26,25,24,21,27,22
"648",1,1,32,31,30,29,28,27,26,25,24,23,22,21,20,19,18,17,16,15,14,13,12,11,10,9,8,7,6,5,4,3,2,1
"649",0,1,1,2,3,5,4,11,6,8,9,7,10,12,32,16,13,28,20,14,31,29,15,18,30,26,17,25,27,19,24,23,22,21
"650",0,0,1,2,3,4,5,6,10,7,32,8,9,11,31,30,12,13,14,15,19,29,28,23,17,18,26,27,25,16,21,20,24,22
"651",0,0,1,2,4,3,5,7,9,6,15,13,8,12,10,11,31,32,16,18,30,14,19,29,20,17,22,24,27,26,21,28,25,23
"652",1,0,1,2,3,4,5,8,6,7,12,9,11,10,27,13,14,19,16,32,31,18,15,30,17,26,21,22,29,28,24,25,23,20
"653",0,0,1,2,3,4,5,6,7,8,13,12,9,10,32,15,11,27,14,24,22,17,23,16,21,19,30,26,31,18,20,28,25,29
"654",1,0,2,1,4,3,5,6,7,10,8,9,32,12,27,24,15,29,11,13,25,30,31,20,28,26,16,14,18,23,17,21,22,19
"655",0,0,1,2,3,4,5,6,7,8,29,9,10,31,13,14,11,28,32,30,16,15,12,27,26,23,25,20,17,18,19,24,21,22
"656",0,0,1,2,3,4,5,7,8,6,9,31,32,10,11,29,16,30,27,22,12,13,25,14,17,28,24,18,26,21,15,20,19,23
"657",0,1,1,2,4,3,5,6,7,8,9,11,12,13,18,23,10,32,20,14,17,19,22,16,15,24,25,21,31,26,27,29,30,28
"658",0,0,2,1,3,4,5,6,18,12,8,11,9,7,13,10,16,31,32,15,19,17,14,25,20,26,24,30,29,28,22,21,27,23
"659",0,0,1,2,3,4,5,6,10,7,8,14,9,31,11,12,13,15,32,17,16,30,28,20,29,23,18,27,19,24,25,22,26,21
"660",1,1,32,31,30,29,28,27,26,25,24,23,22,21,20,19,18,17,16,15,14,13,12,11,10,9,8,7,6,5,4,3,2,1
"661",1,1,32,31,30,29,28,27,26,25,24,23,22,21,20,19,18,17,16,15,14,13,12,11,10,9,8,7,6,5,4,3,2,1
"662",0,0,1,2,3,4,5,6,8,14,9,7,12,10,31,32,28,11,13,19,30,17,16,18,20,26,27,29,21,15,24,22,23,25
"663",0,1,1,3,2,4,5,6,7,28,9,8,13,16,10,11,32,27,12,18,24,31,14,20,15,30,29,17,21,19,25,26,22,23
"664",0,1,1,2,3,5,4,6,7,8,13,9,10,11,32,16,12,15,31,14,18,29,17,26,30,27,25,19,23,22,28,20,24,21
"665",1,1,32,31,30,29,28,27,26,25,24,23,22,21,20,19,18,17,16,15,14,13,12,11,10,9,8,7,6,5,4,3,2,1
"666",1,1,32,31,30,29,28,27,26,25,24,23,22,21,20,19,18,17,16,15,14,13,12,11,10,9,8,7,6,5,4,3,2,1
"667",0,0,1,3,2,4,5,6,8,30,11,9,7,12,10,32,13,14,18,16,15,17,22,31,21,19,26,23,24,20,27,25,29,28
"668",1,0,1,2,3,4,5,7,6,10,12,9,13,11,8,14,15,19,29,32,16,18,17,23,30,31,20,21,26,24,25,27,28,22
"669",1,0,1,2,3,5,4,6,8,7,9,14,31,10,29,32,13,12,27,11,16,15,30,17,28,21,23,18,19,25,24,26,22,20
"670",1,0,2,1,3,4,5,7,6,10,8,26,9,12,11,31,13,15,17,32,19,14,16,29,21,18,24,20,28,27,30,23,25,22
"671",1,0,1,2,3,4,5,8,6,10,7,9,32,12,31,11,26,18,16,13,28,30,15,14,17,29,19,27,22,25,21,23,24,20
"672",0,1,1,2,3,5,4,11,6,7,8,9,10,12,32,14,17,16,13,15,30,23,29,31,18,19,21,22,27,25,20,28,26,24
"673",0,0,2,1,4,3,5,6,17,8,7,14,11,9,10,12,26,20,32,13,15,24,18,16,31,21,28,27,19,30,29,22,23,25
"674",0,1,1,2,3,4,5,7,6,9,8,10,15,12,14,11,30,17,23,13,32,16,18,31,25,19,20,28,27,21,22,26,29,24
"675",0,0,1,2,3,4,6,5,7,8,12,10,16,9,11,28,13,27,18,14,30,32,31,15,29,17,20,21,22,19,23,26,24,25
"676",0,0,1,2,3,4,5,6,7,23,15,10,8,12,9,11,32,18,14,19,13,16,17,25,27,31,20,30,29,24,21,28,26,22
"677",1,1,32,31,30,29,28,27,26,25,24,23,22,21,20,19,18,17,16,15,14,13,12,11,10,9,8,7,6,5,4,3,2,1
"678",0,1,1,2,3,4,8,5,6,7,9,10,12,13,11,15,32,30,31,14,29,16,26,17,18,20,28,27,25,24,21,19,22,23
"679",0,1,1,2,3,4,8,6,5,10,7,9,31,11,25,32,30,12,13,29,14,15,19,28,16,23,27,26,20,17,22,18,24,21
"680",0,1,1,2,3,4,5,6,7,8,26,9,10,13,30,17,12,11,14,31,32,29,28,16,27,15,19,25,20,24,18,22,21,23
"681",1,0,1,2,3,4,5,11,6,7,12,20,10,14,15,8,9,13,32,31,16,28,23,19,18,17,29,24,27,22,21,26,30,25
"682",1,0,1,2,4,3,5,6,7,8,9,29,11,28,12,10,14,15,13,16,20,32,31,23,17,30,18,22,27,19,24,21,26,25
"683",0,1,1,2,3,4,5,6,7,8,18,32,13,9,10,29,11,12,30,14,28,31,15,20,16,17,22,25,27,21,19,23,24,26
"684",1,0,1,2,4,3,5,7,6,8,9,10,11,32,19,14,12,13,17,15,16,18,31,22,20,29,30,24,27,23,28,21,25,26
"685",0,1,2,1,3,4,5,6,7,8,9,10,12,13,11,30,21,14,15,17,29,32,31,16,22,26,18,28,27,24,20,19,25,23
"686",1,1,32,31,30,29,28,27,26,25,24,23,22,21,20,19,18,17,16,15,14,13,12,11,10,9,8,7,6,5,4,3,2,1
"687",0,1,1,3,2,4,6,5,9,7,8,11,31,10,22,15,30,32,12,29,14,25,27,28,26,23,20,13,16,17,18,24,21,19
"688",0,1,2,1,3,6,4,7,5,9,8,10,14,16,23,11,12,17,32,29,20,13,30,15,24,31,19,21,25,27,26,18,22,28
"689",1,0,1,2,4,3,6,7,5,9,13,8,11,16,14,10,32,12,18,31,19,17,30,29,15,20,21,27,23,26,24,28,22,25
"690",0,1,1,2,4,3,5,6,28,7,9,13,8,31,25,15,10,12,23,32,30,14,11,27,16,26,29,20,22,24,18,21,19,17
"691",0,0,1,2,3,4,6,5,7,8,9,13,11,10,12,16,14,32,15,28,29,17,18,19,20,31,22,26,30,27,23,24,21,25
"692",1,0,1,3,2,4,5,6,11,8,7,18,9,13,10,14,12,17,30,32,15,31,16,21,20,19,22,26,25,27,23,29,28,24
"693",0,0,1,2,3,4,8,18,5,10,7,9,6,16,11,13,32,12,15,20,14,19,17,29,27,31,26,30,28,23,25,24,21,22
"694",1,0,1,2,3,4,5,8,6,32,7,9,15,10,12,17,11,14,29,31,13,16,19,30,27,21,18,23,26,22,20,28,24,25
"695",0,0,1,2,3,4,5,6,9,7,8,12,10,11,32,15,25,14,16,13,27,19,23,31,17,22,18,21,20,30,29,24,26,28
"696",1,0,1,2,3,4,5,6,8,7,10,9,11,15,32,13,28,12,27,14,29,23,30,16,26,31,19,17,22,18,25,24,21,20
"697",1,1,32,31,30,29,28,27,26,25,24,23,22,21,20,19,18,17,16,15,14,13,12,11,10,9,8,7,6,5,4,3,2,1
"698",1,1,32,31,30,29,28,27,26,25,24,23,22,21,20,19,18,17,16,15,14,13,12,11,10,9,8,7,6,5,4,3,2,1
"699",1,1,32,31,30,29,28,27,26,25,24,23,22,21,20,19,18,17,16,15,14,13,12,11,10,9,8,7,6,5,4,3,2,1
"700",0,1,1,2,3,5,6,4,7,9,8,10,11,17,14,32,31,28,12,26,13,27,29,23,20,30,18,15,16,25,21,24,22,19
"701",0,1,1,2,4,3,5,7,8,29,6,10,32,14,31,9,11,13,15,12,30,28,16,27,22,24,23,17,26,20,25,18,21,19
"702",1,1,32,31,30,29,28,27,26,25,24,23,22,21,20,19,18,17,16,15,14,13,12,11,10,9,8,7,6,5,4,3,2,1
"703",1,1,32,31,30,29,28,27,26,25,24,23,22,21,20,19,18,17,16,15,14,13,12,11,10,9,8,7,6,5,4,3,2,1
"704",0,1,1,3,2,4,22,5,6,32,11,8,9,7,10,13,29,12,14,31,15,16,17,21,30,28,19,18,27,25,23,20,26,24
"705",1,1,32,31,30,29,28,27,26,25,24,23,22,21,20,19,18,17,16,15,14,13,12,11,10,9,8,7,6,5,4,3,2,1
"706",1,0,1,2,3,4,5,7,6,9,10,8,11,32,12,13,15,14,29,30,28,16,17,20,18,31,19,25,24,22,21,27,23,26
"707",0,1,1,3,2,4,5,6,7,10,8,9,13,11,12,17,15,23,14,29,19,24,16,18,32,21,26,31,25,22,30,27,20,28
"708",0,0,1,2,3,4,5,7,6,8,9,22,31,10,29,32,12,30,11,13,14,26,28,15,17,16,20,24,19,27,18,25,23,21
"709",0,1,1,2,3,4,6,5,8,7,12,10,32,11,9,14,17,13,15,18,16,22,31,20,30,29,23,28,19,26,21,24,27,25
"710",1,1,32,31,30,29,28,27,26,25,24,23,22,21,20,19,18,17,16,15,14,13,12,11,10,9,8,7,6,5,4,3,2,1
"711",1,1,32,31,30,29,28,27,26,25,24,23,22,21,20,19,18,17,16,15,14,13,12,11,10,9,8,7,6,5,4,3,2,1
"712",0,1,1,2,3,4,5,6,7,9,8,11,30,10,23,12,15,31,13,14,17,29,32,16,20,26,19,27,18,28,21,22,25,24
"713",1,0,1,2,3,4,5,6,9,8,7,14,10,11,13,31,32,12,15,29,26,16,24,30,27,19,28,21,20,23,22,17,18,25
"714",1,1,32,31,30,29,28,27,26,25,24,23,22,21,20,19,18,17,16,15,14,13,12,11,10,9,8,7,6,5,4,3,2,1
"715",0,1,1,2,4,3,5,7,6,12,8,32,14,9,15,11,10,13,19,16,20,17,23,29,18,21,25,22,24,31,27,26,30,28
"716",1,1,32,31,30,29,28,27,26,25,24,23,22,21,20,19,18,17,16,15,14,13,12,11,10,9,8,7,6,5,4,3,2,1
"717",1,0,1,2,3,4,5,6,7,8,10,9,17,16,12,32,11,13,29,15,14,31,18,25,26,28,24,30,19,22,20,27,23,21
"718",0,0,2,1,3,4,5,8,6,7,10,9,32,11,12,14,31,27,13,30,29,15,16,28,17,21,19,18,20,25,26,24,23,22
"719",0,0,1,2,3,6,4,9,5,7,10,12,8,18,32,13,11,15,31,16,14,29,17,27,19,22,20,28,30,21,24,23,25,26
"720",0,1,1,3,2,6,5,8,4,7,9,10,32,11,13,26,29,12,30,16,28,14,15,19,31,23,27,22,25,24,17,21,18,20
"721",0,1,1,3,2,4,6,5,7,8,16,10,9,30,11,32,15,12,14,13,29,31,25,19,17,24,18,28,22,26,21,27,23,20
"722",0,1,1,2,3,4,5,7,6,12,8,9,31,11,10,23,32,13,21,15,14,16,17,19,30,29,18,22,20,25,27,26,24,28
"723",1,0,1,2,3,5,6,4,7,8,9,12,11,32,10,16,14,13,15,17,29,30,31,28,18,20,26,21,19,27,22,25,24,23
"724",1,0,1,2,3,4,7,5,6,29,12,32,9,8,13,11,10,18,14,28,20,22,15,31,21,17,16,30,19,27,26,23,24,25
"725",1,0,1,2,3,5,4,7,6,9,8,10,12,31,32,30,28,17,11,29,16,13,24,15,18,26,25,14,20,22,27,21,23,19
"726",1,1,32,31,30,29,28,27,26,25,24,23,22,21,20,19,18,17,16,15,14,13,12,11,10,9,8,7,6,5,4,3,2,1
"727",1,1,32,31,30,29,28,27,26,25,24,23,22,21,20,19,18,17,16,15,14,13,12,11,10,9,8,7,6,5,4,3,2,1
"728",0,0,1,2,3,5,4,7,9,6,10,8,13,11,12,31,15,14,32,17,18,16,30,28,20,19,23,21,29,25,24,27,26,22
"729",1,1,32,31,30,29,28,27,26,25,24,23,22,21,20,19,18,17,16,15,14,13,12,11,10,9,8,7,6,5,4,3,2,1
"730",1,0,1,2,3,4,5,8,6,11,10,7,9,12,13,14,18,21,31,15,20,17,32,16,19,27,26,29,30,25,22,28,24,23
"731",1,0,1,2,4,3,5,7,6,8,14,27,10,32,9,11,13,18,30,31,12,15,29,17,21,25,28,16,23,26,20,19,24,22
"732",0,1,1,2,3,4,5,9,6,32,7,10,8,29,30,13,28,31,15,11,18,19,17,12,21,25,14,24,27,22,16,20,26,23
"733",1,1,32,31,30,29,28,27,26,25,24,23,22,21,20,19,18,17,16,15,14,13,12,11,10,9,8,7,6,5,4,3,2,1
"734",0,0,1,2,3,4,5,32,6,7,10,11,8,9,12,14,13,17,18,31,19,26,16,15,30,23,27,29,21,22,28,24,25,20
"735",0,1,1,2,4,3,5,6,8,7,12,9,13,11,10,14,20,17,15,19,31,18,21,16,32,28,22,30,25,26,27,24,29,23
"736",1,0,1,2,3,4,6,5,8,7,9,12,32,13,10,11,14,27,31,22,20,29,16,24,21,15,30,28,19,17,18,23,25,26
"737",0,0,1,2,3,6,4,5,15,7,9,8,10,14,26,12,13,11,17,32,16,20,28,31,19,25,29,24,18,21,22,30,27,23
"738",1,0,1,3,2,4,6,7,5,9,11,8,15,10,13,12,19,14,28,16,31,17,30,29,18,20,22,32,23,21,27,26,24,25
"739",1,1,32,31,30,29,28,27,26,25,24,23,22,21,20,19,18,17,16,15,14,13,12,11,10,9,8,7,6,5,4,3,2,1
"740",0,0,1,2,3,4,5,7,32,6,8,12,13,9,14,11,28,10,26,31,29,30,19,23,15,27,18,24,20,16,21,25,22,17
"741",0,0,1,2,3,5,4,6,7,9,8,10,11,29,25,32,26,13,31,12,16,24,30,23,14,15,28,27,22,19,21,18,17,20
"742",1,0,1,2,3,5,4,6,8,9,16,7,12,17,10,14,13,11,19,15,26,24,32,20,28,27,31,23,18,30,22,25,29,21
"743",1,1,32,31,30,29,28,27,26,25,24,23,22,21,20,19,18,17,16,15,14,13,12,11,10,9,8,7,6,5,4,3,2,1
"744",0,0,1,2,4,3,5,7,9,6,8,12,10,15,16,13,11,32,14,19,21,31,17,18,20,28,25,24,30,29,27,22,23,26
"745",0,1,1,2,3,4,6,7,9,5,8,10,11,12,13,29,32,30,31,16,14,27,18,15,22,17,28,21,24,26,20,23,25,19
"746",0,0,1,2,3,4,5,6,10,8,9,7,17,12,11,13,24,16,14,18,32,15,19,23,26,21,22,29,20,25,28,30,31,27
"747",0,1,1,2,4,3,8,12,5,11,9,7,31,6,10,29,15,32,30,13,25,17,24,14,18,22,28,21,16,27,26,20,19,23
"748",0,0,1,2,4,3,5,31,7,6,32,11,10,28,26,13,15,12,8,9,30,29,16,14,20,24,17,18,27,21,19,23,22,25
"749",1,0,1,2,4,3,5,6,13,30,7,9,8,10,12,32,11,31,14,22,21,16,20,18,24,15,26,29,25,17,28,19,23,27
"750",1,0,1,2,4,3,7,6,5,8,11,21,9,10,29,22,13,12,32,15,14,16,28,30,26,31,24,19,17,18,23,20,25,27
"751",0,0,2,1,3,4,5,6,8,30,7,12,9,11,10,13,32,14,15,16,18,26,24,21,31,17,22,27,19,28,29,20,25,23
"752",1,1,32,31,30,29,28,27,26,25,24,23,22,21,20,19,18,17,16,15,14,13,12,11,10,9,8,7,6,5,4,3,2,1
"753",0,1,1,3,2,4,29,7,6,5,8,32,9,10,11,31,27,28,24,30,26,21,14,16,23,12,25,17,18,22,13,19,15,20
"754",1,0,1,2,3,4,5,6,7,8,10,13,32,15,9,31,12,11,27,29,30,14,16,18,17,20,28,19,26,24,25,23,22,21
"755",0,1,1,2,3,4,5,7,6,8,10,9,12,11,32,24,15,30,17,13,29,14,31,28,19,25,16,18,26,27,23,21,22,20
"756",0,1,1,2,3,5,6,4,8,7,9,10,11,17,12,13,16,32,24,14,15,31,21,19,30,23,29,28,18,26,27,22,20,25
"757",1,0,1,2,3,4,5,6,7,8,32,10,9,11,14,12,13,28,15,31,16,29,30,18,25,20,17,21,27,19,24,26,23,22
"758",1,0,1,2,4,3,5,7,9,6,11,8,10,14,12,16,13,17,20,32,30,15,31,29,18,28,22,23,19,27,21,24,25,26
"759",0,0,1,2,4,3,5,7,6,12,8,11,16,9,14,31,10,13,15,32,29,30,26,17,19,22,18,23,28,20,24,27,25,21
"760",1,0,1,2,3,4,5,8,6,7,9,31,10,12,11,13,17,32,14,16,18,15,20,25,23,19,30,22,21,26,28,24,29,27
"761",1,0,1,3,2,7,4,9,5,8,6,32,14,11,12,13,10,31,16,30,19,18,29,22,20,26,24,15,25,27,21,28,23,17
"762",1,1,32,31,30,29,28,27,26,25,24,23,22,21,20,19,18,17,16,15,14,13,12,11,10,9,8,7,6,5,4,3,2,1
"763",1,0,1,3,2,4,5,7,8,18,6,11,9,17,12,14,15,10,19,16,21,13,32,20,29,31,30,23,24,28,27,22,26,25
"764",1,1,32,31,30,29,28,27,26,25,24,23,22,21,20,19,18,17,16,15,14,13,12,11,10,9,8,7,6,5,4,3,2,1
"765",0,0,1,2,3,4,5,6,7,10,12,9,8,13,11,30,16,32,14,15,18,26,31,22,19,25,17,20,29,21,27,23,28,24
"766",0,1,1,2,4,3,6,5,11,12,7,8,9,13,15,10,31,14,32,28,16,27,19,18,30,24,17,26,29,20,22,25,21,23
"767",0,0,1,2,3,4,5,6,9,8,7,10,17,12,31,13,11,16,32,14,22,30,29,15,23,28,19,18,26,25,21,20,27,24
"768",0,1,1,2,4,3,5,8,6,7,11,12,10,9,14,16,23,13,21,17,15,22,32,20,18,19,28,31,26,27,24,30,25,29
"769",1,1,32,31,30,29,28,27,26,25,24,23,22,21,20,19,18,17,16,15,14,13,12,11,10,9,8,7,6,5,4,3,2,1
"770",1,0,1,2,5,3,4,6,7,8,16,11,9,29,31,10,12,13,14,32,26,28,27,23,30,18,15,24,21,25,17,22,20,19
"771",1,0,1,2,3,5,4,6,7,8,11,9,10,15,12,13,29,22,32,20,18,28,30,16,31,14,17,25,19,27,24,21,23,26
"772",0,0,1,2,3,5,4,6,9,11,10,7,8,15,17,12,32,16,31,14,13,29,20,30,27,18,19,26,28,21,24,25,23,22
"773",1,1,32,31,30,29,28,27,26,25,24,23,22,21,20,19,18,17,16,15,14,13,12,11,10,9,8,7,6,5,4,3,2,1
"774",0,0,1,2,3,4,6,5,13,7,10,8,11,29,9,32,12,14,16,31,24,22,20,30,15,19,17,21,28,27,25,18,26,23
"775",1,1,32,31,30,29,28,27,26,25,24,23,22,21,20,19,18,17,16,15,14,13,12,11,10,9,8,7,6,5,4,3,2,1
"776",1,1,32,31,30,29,28,27,26,25,24,23,22,21,20,19,18,17,16,15,14,13,12,11,10,9,8,7,6,5,4,3,2,1
"777",1,1,32,31,30,29,28,27,26,25,24,23,22,21,20,19,18,17,16,15,14,13,12,11,10,9,8,7,6,5,4,3,2,1
"778",0,1,1,2,3,5,4,7,6,9,30,8,10,13,12,32,16,11,15,18,29,31,17,14,19,25,21,24,23,26,22,27,20,28
"779",0,1,1,2,3,4,5,8,29,6,7,9,31,11,15,14,10,12,32,19,13,27,18,16,30,22,28,20,17,23,25,26,24,21
"780",1,0,1,3,2,4,5,6,7,8,9,15,11,13,31,10,14,23,16,30,12,21,29,28,25,24,17,20,22,32,18,19,27,26
"781",1,0,1,2,3,4,5,6,7,8,13,11,9,12,10,32,14,28,21,15,30,31,17,16,20,29,19,18,26,23,27,22,25,24
"782",1,1,32,31,30,29,28,27,26,25,24,23,22,21,20,19,18,17,16,15,14,13,12,11,10,9,8,7,6,5,4,3,2,1
"783",1,0,1,2,3,4,5,6,10,8,9,7,16,14,12,11,15,32,19,21,17,20,13,30,28,24,29,31,25,23,18,22,26,27
"784",0,0,1,2,3,4,5,8,6,7,13,9,30,10,32,19,14,28,12,11,31,16,15,17,22,18,29,20,23,26,27,25,21,24
"785",0,1,1,2,4,3,5,10,6,8,7,9,11,24,32,13,14,15,12,17,16,18,28,25,19,31,21,23,30,20,29,26,22,27
"786",0,0,2,1,3,4,5,6,8,7,14,9,10,31,12,32,30,16,13,17,11,19,15,28,22,25,27,18,29,20,24,23,26,21
"787",1,0,1,2,3,6,4,5,7,8,10,9,28,15,32,31,30,12,11,16,14,13,29,21,19,20,17,22,27,26,23,18,24,25
"788",0,0,1,2,3,5,4,6,7,8,20,9,19,10,31,13,32,12,14,11,30,28,15,16,22,27,21,29,18,17,23,26,24,25
"789",1,1,32,31,30,29,28,27,26,25,24,23,22,21,20,19,18,17,16,15,14,13,12,11,10,9,8,7,6,5,4,3,2,1
"790",0,1,1,3,2,4,5,6,7,9,8,10,18,11,31,12,17,13,14,28,16,15,22,32,29,26,21,20,24,19,27,23,25,30
"791",0,1,1,2,4,3,8,6,5,9,10,7,12,14,32,11,15,31,20,13,17,18,30,16,29,24,26,19,28,21,27,22,25,23
"792",1,0,1,2,4,3,8,7,6,5,31,9,18,10,11,12,14,32,29,16,17,28,30,13,23,26,22,15,24,21,27,19,25,20
"793",0,0,1,2,3,5,4,7,8,10,6,12,11,9,15,16,29,30,13,14,17,32,21,27,28,31,24,19,18,26,20,25,22,23
"794",0,0,1,2,3,6,4,5,9,7,8,11,32,13,10,15,16,12,31,14,17,18,28,24,29,30,19,25,21,20,23,22,27,26
"795",0,0,1,3,2,4,6,5,7,8,10,11,9,13,32,21,12,15,18,31,14,28,30,29,16,24,17,20,26,25,27,19,23,22
"796",1,1,32,31,30,29,28,27,26,25,24,23,22,21,20,19,18,17,16,15,14,13,12,11,10,9,8,7,6,5,4,3,2,1
"797",1,1,32,31,30,29,28,27,26,25,24,23,22,21,20,19,18,17,16,15,14,13,12,11,10,9,8,7,6,5,4,3,2,1
"798",0,1,1,3,2,4,5,7,6,14,12,11,8,9,10,17,13,31,15,16,20,29,18,26,21,32,30,24,19,25,22,23,28,27
"799",1,0,1,2,3,4,6,31,5,8,14,7,10,11,9,13,12,32,30,27,16,15,26,28,24,19,17,21,18,22,29,25,23,20
"800",0,1,1,2,3,5,4,9,8,6,7,31,32,12,11,10,18,14,13,15,21,29,20,30,23,17,16,24,26,27,19,22,25,28
"801",1,0,1,2,3,4,7,5,6,8,32,27,11,9,10,12,13,14,31,16,15,29,17,20,18,25,30,19,24,23,28,21,22,26
"802",1,0,1,2,3,4,5,6,7,9,8,12,10,32,13,15,17,11,14,16,27,26,22,31,18,30,25,21,28,23,19,20,24,29
"803",1,0,1,3,2,4,6,8,5,7,31,10,14,9,32,11,30,26,16,28,27,29,12,13,15,18,24,17,19,25,20,23,22,21
"804",0,0,1,2,3,4,5,6,7,8,18,10,9,11,32,14,29,12,30,31,25,28,24,13,15,17,21,20,23,22,19,27,16,26
"805",0,1,1,2,3,4,5,7,8,6,9,10,11,12,14,15,32,29,30,13,17,31,19,23,16,28,26,18,25,21,27,20,22,24
"806",1,1,32,31,30,29,28,27,26,25,24,23,22,21,20,19,18,17,16,15,14,13,12,11,10,9,8,7,6,5,4,3,2,1
"807",0,1,1,2,3,6,4,5,7,9,8,10,12,11,15,14,32,13,18,17,22,29,27,16,19,20,25,30,31,23,24,21,28,26
"808",0,1,1,2,5,4,3,6,8,7,10,9,31,12,22,11,32,28,21,19,14,13,23,26,30,20,29,17,24,15,27,25,18,16
"809",0,0,1,2,3,4,5,6,8,9,7,31,13,11,10,12,15,32,28,29,23,16,14,19,17,30,25,27,20,24,26,18,22,21
"810",0,0,1,2,3,4,5,6,8,7,16,9,31,32,29,28,10,11,13,17,30,19,12,27,14,21,26,22,20,24,23,15,25,18
"811",0,0,1,2,3,4,5,9,7,6,8,10,15,11,13,12,32,30,28,31,22,25,14,29,18,24,17,26,23,27,16,20,21,19
"812",0,1,1,2,3,4,5,6,7,8,9,11,16,17,10,12,18,14,13,20,15,23,27,21,19,32,25,29,26,22,31,30,28,24
"813",0,1,1,2,3,4,6,5,9,8,7,32,10,31,11,13,24,15,12,17,27,26,14,16,29,30,18,19,22,20,23,28,21,25
"814",1,1,32,31,30,29,28,27,26,25,24,23,22,21,20,19,18,17,16,15,14,13,12,11,10,9,8,7,6,5,4,3,2,1
"815",0,1,1,2,3,4,6,5,7,9,8,12,10,13,11,16,14,30,32,15,24,22,17,29,20,21,19,31,28,18,27,26,25,23
"816",0,1,1,2,3,5,6,4,10,8,7,12,9,11,13,32,28,31,29,16,23,14,25,30,15,17,21,26,19,22,18,20,27,24
"817",1,0,1,3,2,4,5,6,11,9,7,10,8,13,12,16,31,15,14,32,25,27,30,23,20,17,18,19,21,29,26,28,24,22
"818",0,1,1,3,2,4,6,5,7,32,9,8,12,13,11,10,14,15,17,30,18,16,31,29,19,21,20,23,25,22,28,27,26,24
"819",1,0,1,2,3,5,4,6,8,7,9,31,13,12,26,18,10,27,11,29,15,14,17,30,16,32,22,28,23,25,21,24,19,20
"820",1,0,1,2,3,6,4,5,9,7,8,13,10,32,12,11,16,22,15,17,14,31,30,18,29,27,21,28,19,23,20,25,26,24
"821",1,1,32,31,30,29,28,27,26,25,24,23,22,21,20,19,18,17,16,15,14,13,12,11,10,9,8,7,6,5,4,3,2,1
"822",0,1,1,2,3,4,6,10,5,7,8,9,12,13,32,15,31,11,14,29,23,22,17,16,28,30,27,20,18,26,25,24,21,19
"823",1,0,1,2,3,6,5,4,8,11,10,7,26,12,9,32,30,29,31,16,13,28,14,27,15,17,23,21,22,19,18,24,25,20
"824",1,0,1,2,3,5,4,7,6,8,9,11,10,14,30,31,12,16,13,17,32,20,15,29,28,19,24,21,25,27,18,23,22,26
"825",1,1,32,31,30,29,28,27,26,25,24,23,22,21,20,19,18,17,16,15,14,13,12,11,10,9,8,7,6,5,4,3,2,1
"826",0,0,1,2,4,3,5,6,8,7,13,9,18,31,10,11,27,12,17,20,30,28,15,14,16,19,21,32,25,26,23,29,22,24
"827",0,1,1,2,5,6,3,4,8,7,9,10,11,27,29,12,13,28,14,17,15,16,30,18,24,32,31,19,25,23,22,26,20,21
"828",1,0,1,2,3,4,5,15,7,8,6,12,32,11,10,9,31,13,16,29,14,30,23,21,19,25,18,17,26,27,22,24,28,20
"829",0,1,1,4,2,3,5,6,7,11,8,9,31,10,14,32,13,12,15,16,29,28,17,24,22,25,30,19,27,23,20,18,21,26
"830",1,1,32,31,30,29,28,27,26,25,24,23,22,21,20,19,18,17,16,15,14,13,12,11,10,9,8,7,6,5,4,3,2,1
"831",0,0,1,2,3,4,5,8,6,12,7,13,11,9,25,10,14,28,15,30,32,18,19,31,16,22,21,23,17,24,20,26,29,27
"832",0,1,1,2,3,4,6,5,7,8,9,11,10,13,31,12,16,17,14,18,19,30,32,20,29,15,21,27,24,26,28,22,23,25
"833",1,1,32,31,30,29,28,27,26,25,24,23,22,21,20,19,18,17,16,15,14,13,12,11,10,9,8,7,6,5,4,3,2,1
"834",1,0,1,2,3,4,5,6,13,10,11,7,8,9,32,12,15,22,14,16,28,31,23,30,17,18,29,20,27,25,26,19,21,24
"835",0,0,1,2,3,4,5,7,32,9,8,6,10,29,12,11,15,19,31,14,17,16,13,30,18,20,21,27,28,22,24,25,23,26
"836",0,0,1,2,3,5,16,4,6,21,7,8,10,14,9,11,12,13,20,23,15,17,32,19,27,18,26,25,22,31,28,29,30,24
"837",1,0,1,2,4,3,5,6,8,7,10,9,11,17,28,21,32,12,13,14,20,19,29,15,16,31,18,23,25,26,22,30,24,27
"838",1,0,1,2,3,4,5,7,6,8,9,13,10,29,32,11,12,14,16,15,30,31,28,17,23,24,27,18,22,19,26,25,21,20
"839",0,1,1,2,4,3,7,5,6,8,9,10,32,12,14,31,29,13,28,15,11,30,16,26,22,23,27,17,18,21,24,25,19,20
"840",0,1,1,2,3,29,4,5,7,6,32,10,8,14,9,16,25,11,30,27,31,26,12,13,28,20,17,23,22,18,15,24,19,21
"841",1,0,1,2,3,4,6,5,7,8,10,12,9,14,11,16,32,24,20,19,13,29,15,18,31,26,28,30,17,21,27,22,25,23
"842",1,1,32,31,30,29,28,27,26,25,24,23,22,21,20,19,18,17,16,15,14,13,12,11,10,9,8,7,6,5,4,3,2,1
"843",0,0,1,2,3,5,4,9,7,8,6,10,11,32,27,30,29,12,31,14,28,21,13,26,23,15,24,22,16,25,17,19,20,18
"844",1,0,1,2,3,4,5,6,7,11,9,32,8,13,30,10,14,12,15,31,20,18,19,27,17,16,26,29,28,21,23,25,22,24
"845",0,1,1,2,3,4,5,6,9,8,11,7,10,12,14,13,19,26,32,17,15,21,18,24,16,31,30,22,20,28,27,29,25,23
"846",1,1,32,31,30,29,28,27,26,25,24,23,22,21,20,19,18,17,16,15,14,13,12,11,10,9,8,7,6,5,4,3,2,1
"847",0,0,1,3,2,4,5,7,6,10,9,8,11,12,13,31,15,32,14,30,16,29,18,17,20,27,19,26,28,21,25,22,24,23
"848",0,0,1,2,4,3,5,6,8,7,21,9,30,10,11,32,12,13,29,16,14,28,26,23,31,27,15,20,17,24,19,18,25,22
"849",1,1,32,31,30,29,28,27,26,25,24,23,22,21,20,19,18,17,16,15,14,13,12,11,10,9,8,7,6,5,4,3,2,1
"850",1,0,1,2,3,5,4,6,11,32,8,12,7,9,23,10,13,28,22,18,29,30,15,31,17,21,14,16,24,27,26,25,19,20
"851",0,1,1,2,3,5,8,6,4,7,13,31,32,9,12,10,30,22,15,11,16,14,17,18,19,21,27,29,26,20,28,23,25,24
"852",1,1,32,31,30,29,28,27,26,25,24,23,22,21,20,19,18,17,16,15,14,13,12,11,10,9,8,7,6,5,4,3,2,1
"853",1,0,1,2,3,7,5,4,6,9,8,12,13,14,11,10,15,17,18,32,16,30,26,29,31,21,27,25,19,28,22,24,20,23
"854",1,1,32,31,30,29,28,27,26,25,24,23,22,21,20,19,18,17,16,15,14,13,12,11,10,9,8,7,6,5,4,3,2,1
"855",0,0,1,3,2,4,5,6,9,7,8,30,10,13,32,11,12,24,14,31,29,27,26,25,23,18,15,28,20,19,16,22,17,21
"856",1,0,1,3,2,4,5,10,7,6,8,9,11,13,26,14,30,12,29,32,15,18,17,20,28,31,19,21,16,27,25,22,24,23
"857",1,1,32,31,30,29,28,27,26,25,24,23,22,21,20,19,18,17,16,15,14,13,12,11,10,9,8,7,6,5,4,3,2,1
"858",0,0,1,2,3,4,7,8,6,5,9,10,32,12,11,13,17,29,16,14,27,15,30,21,24,31,28,19,18,26,22,20,25,23
"859",0,1,1,2,3,4,6,8,7,5,10,24,9,19,14,11,29,30,32,27,12,31,15,13,23,17,26,16,28,22,18,20,21,25
"860",1,1,32,31,30,29,28,27,26,25,24,23,22,21,20,19,18,17,16,15,14,13,12,11,10,9,8,7,6,5,4,3,2,1
"861",1,0,1,2,4,3,5,6,7,8,9,12,10,13,27,15,14,11,28,32,30,17,31,20,16,23,18,29,21,25,24,22,19,26
"862",1,0,2,1,3,4,5,6,7,8,11,14,15,9,31,10,12,28,16,26,13,30,32,25,22,20,17,29,18,19,27,23,21,24
"863",1,1,32,31,30,29,28,27,26,25,24,23,22,21,20,19,18,17,16,15,14,13,12,11,10,9,8,7,6,5,4,3,2,1
"864",0,1,1,2,3,4,6,5,7,9,12,13,10,11,8,17,32,30,31,15,21,14,29,16,28,18,27,20,22,26,19,23,25,24
"865",1,0,1,2,3,5,4,6,7,8,31,32,10,9,21,30,23,27,14,28,29,26,16,22,11,12,24,13,15,17,25,20,18,19
"866",0,1,1,2,3,4,6,8,7,5,9,10,14,32,11,29,16,19,28,12,13,23,31,27,30,15,17,25,18,21,22,20,26,24
"867",0,0,1,3,2,5,4,6,7,11,10,32,9,31,13,25,14,8,18,30,12,15,19,17,29,23,26,16,27,20,21,28,22,24
"868",0,1,1,2,3,4,6,5,8,7,10,11,12,9,13,14,15,16,29,31,32,30,28,23,25,17,27,21,26,18,22,19,24,20
"869",1,0,1,3,2,4,5,8,7,10,9,6,12,11,32,15,24,13,18,14,16,17,20,31,25,29,21,30,19,28,23,27,26,22
"870",1,0,2,1,3,4,5,8,7,9,6,14,11,13,17,12,15,10,24,32,18,20,16,19,31,27,30,21,29,28,26,23,25,22
"871",0,1,1,2,3,8,5,4,7,6,9,13,10,12,15,16,11,19,17,14,32,31,23,26,22,30,21,18,20,24,25,28,27,29
"872",1,0,1,2,6,3,4,5,8,7,9,10,11,13,17,16,31,14,32,15,27,12,23,29,24,30,18,25,26,21,28,20,22,19
"873",1,0,1,2,5,3,4,6,7,10,9,8,11,12,13,16,21,32,14,31,19,15,17,30,29,26,28,24,27,23,25,22,20,18
"874",0,0,1,3,2,4,5,7,6,8,10,9,11,32,13,15,12,17,14,31,30,16,19,20,18,22,21,29,25,28,26,27,24,23
"875",0,1,1,2,3,4,5,9,7,8,6,13,10,14,29,11,12,31,15,18,30,19,28,32,26,17,16,24,20,22,21,23,25,27
"876",1,1,32,31,30,29,28,27,26,25,24,23,22,21,20,19,18,17,16,15,14,13,12,11,10,9,8,7,6,5,4,3,2,1
"877",1,1,32,31,30,29,28,27,26,25,24,23,22,21,20,19,18,17,16,15,14,13,12,11,10,9,8,7,6,5,4,3,2,1
"878",1,0,1,2,4,3,5,6,7,8,14,11,9,12,13,10,32,25,16,26,20,19,17,15,31,22,24,23,29,18,21,27,28,30
"879",1,0,1,2,3,5,4,7,6,8,9,10,30,11,25,13,12,22,27,14,32,31,26,19,17,20,29,24,15,21,16,28,18,23
"880",1,1,32,31,30,29,28,27,26,25,24,23,22,21,20,19,18,17,16,15,14,13,12,11,10,9,8,7,6,5,4,3,2,1
"881",0,1,1,2,3,5,4,8,6,7,27,9,10,22,30,32,13,12,11,26,17,21,31,18,16,14,15,29,28,24,19,20,25,23
"882",1,1,32,31,30,29,28,27,26,25,24,23,22,21,20,19,18,17,16,15,14,13,12,11,10,9,8,7,6,5,4,3,2,1
"883",1,0,1,2,3,4,5,6,7,8,9,24,26,10,32,11,20,14,31,12,13,23,28,27,30,25,21,15,29,16,19,17,18,22
"884",0,0,1,2,5,3,6,4,10,7,8,14,13,9,12,11,15,25,17,27,32,16,18,30,29,31,23,19,28,21,26,22,20,24
"885",0,1,2,1,5,3,4,8,7,6,31,9,10,13,32,27,30,28,11,19,12,25,15,29,17,14,26,21,18,23,20,16,22,24
"886",0,0,1,2,3,4,6,5,7,8,32,14,9,10,11,12,20,26,13,16,30,31,18,15,19,25,17,29,21,28,23,22,27,24
"887",1,1,32,31,30,29,28,27,26,25,24,23,22,21,20,19,18,17,16,15,14,13,12,11,10,9,8,7,6,5,4,3,2,1
"888",0,0,1,2,4,3,5,7,6,8,10,19,9,32,14,13,11,15,30,12,31,16,27,26,29,17,28,21,22,23,20,18,25,24
"889",1,0,1,2,4,5,3,8,6,10,9,11,7,12,32,31,13,28,16,17,30,15,14,29,20,27,18,25,19,26,23,24,21,22
"890",0,0,1,2,3,4,5,6,9,7,8,18,10,32,11,14,31,12,19,13,15,17,16,26,20,21,30,28,29,25,27,24,23,22
"891",0,1,1,2,5,3,6,4,7,11,8,9,32,14,10,12,13,31,26,30,29,15,17,16,27,22,25,20,23,28,21,18,19,24
"892",0,1,2,1,3,4,5,6,7,8,9,11,29,32,12,15,10,13,17,30,18,31,21,16,14,26,24,22,23,20,19,25,27,28
"893",0,0,2,1,3,4,6,7,5,13,11,8,32,9,16,10,15,14,12,31,17,29,18,19,30,27,28,26,21,25,24,20,23,22
"894",0,1,1,2,3,4,5,6,8,13,10,7,9,11,12,14,19,15,32,20,17,31,16,18,21,28,22,30,25,24,29,23,27,26
"895",1,1,32,31,30,29,28,27,26,25,24,23,22,21,20,19,18,17,16,15,14,13,12,11,10,9,8,7,6,5,4,3,2,1
"896",0,0,1,3,2,6,4,5,8,7,9,10,24,11,14,12,13,15,32,17,29,20,19,16,31,30,23,18,27,21,26,28,25,22
"897",0,0,1,2,3,5,4,6,7,10,8,30,9,12,11,13,31,32,28,15,21,29,14,16,18,17,25,20,27,19,23,24,26,22
"898",0,1,1,2,3,4,5,6,7,11,13,10,8,30,9,17,12,32,29,14,16,26,31,20,28,15,23,27,19,18,24,21,25,22
"899",0,1,1,2,3,4,9,5,11,8,6,7,12,10,32,15,13,24,14,17,29,31,16,18,19,25,30,21,23,20,27,22,28,26
"900",0,0,1,2,3,5,4,8,6,14,7,11,12,13,26,10,9,18,15,32,17,16,21,31,27,19,23,30,20,25,29,24,28,22
"901",1,0,1,2,3,4,5,6,7,16,9,11,8,12,13,15,10,31,32,14,19,24,18,17,26,25,28,21,29,30,23,22,20,27
"902",1,0,2,1,3,5,4,6,7,9,8,32,10,21,31,11,15,14,12,30,17,13,16,18,22,27,29,19,25,28,24,26,20,23
"903",0,0,1,2,4,3,5,6,10,7,9,8,15,19,13,12,11,14,31,17,18,32,25,30,26,29,23,16,27,21,20,22,24,28
"904",1,0,2,1,3,4,5,6,10,11,7,8,9,30,13,31,12,32,29,16,14,15,26,28,21,22,27,24,20,25,17,23,18,19
"905",0,0,1,2,3,4,5,6,7,8,10,27,9,12,26,11,14,28,32,31,29,13,15,16,24,23,30,25,17,18,21,20,19,22
"906",0,1,1,2,5,3,4,7,6,12,13,8,11,10,9,14,16,19,32,15,23,17,25,31,20,18,24,28,30,29,27,22,21,26
"907",0,0,1,2,3,4,5,6,9,7,8,10,32,14,12,11,13,16,31,21,15,17,22,30,24,19,20,28,18,23,25,26,27,29
"908",0,1,1,2,3,4,6,5,7,9,8,30,11,10,12,13,15,14,16,18,32,17,31,19,28,24,20,29,27,25,23,21,26,22
"909",0,1,1,5,2,3,4,6,7,9,10,8,32,12,11,16,17,14,13,31,15,29,30,22,18,27,21,20,28,19,23,26,25,24
"910",0,1,1,2,3,4,6,5,7,8,10,14,32,11,9,31,16,25,26,17,15,22,28,12,29,30,18,13,19,27,24,20,21,23
"911",0,0,1,2,3,5,7,4,8,6,10,9,11,13,14,12,15,16,22,18,19,32,31,23,28,17,29,25,21,26,30,24,20,27
"912",0,0,1,3,2,5,4,6,9,13,8,10,7,32,11,20,31,17,12,30,16,15,19,24,18,14,21,25,28,27,26,23,29,22
"913",0,1,1,2,3,4,5,7,6,8,9,11,16,32,13,14,29,10,12,15,18,30,31,26,21,27,17,28,19,20,22,25,23,24
"914",0,0,1,2,3,4,7,5,6,11,9,10,8,12,13,14,15,29,32,16,17,31,18,30,24,28,19,26,21,25,20,27,22,23
"915",0,0,1,2,3,6,4,5,8,7,11,9,10,16,15,29,12,13,14,18,28,19,17,32,23,31,24,20,30,22,27,26,25,21
"916",1,1,32,31,30,29,28,27,26,25,24,23,22,21,20,19,18,17,16,15,14,13,12,11,10,9,8,7,6,5,4,3,2,1
"917",1,0,1,2,3,4,5,9,7,6,8,12,10,11,13,32,14,16,29,15,30,27,25,21,31,17,26,23,28,24,22,18,20,19
"918",1,0,1,2,4,3,6,5,7,11,8,9,10,18,12,25,13,16,20,15,17,22,28,14,19,32,21,31,29,23,30,24,26,27
"919",0,1,1,2,3,7,4,8,5,6,12,15,14,9,32,13,11,10,30,19,31,20,16,25,27,24,18,29,23,17,21,28,26,22
"920",1,0,1,2,4,3,5,7,8,6,9,31,12,32,10,11,16,13,17,14,28,29,15,25,26,27,20,30,18,19,21,23,24,22
"921",1,1,32,31,30,29,28,27,26,25,24,23,22,21,20,19,18,17,16,15,14,13,12,11,10,9,8,7,6,5,4,3,2,1
"922",1,1,32,31,30,29,28,27,26,25,24,23,22,21,20,19,18,17,16,15,14,13,12,11,10,9,8,7,6,5,4,3,2,1
"923",1,0,1,2,4,3,7,12,5,8,6,16,9,11,14,22,10,15,13,17,18,19,27,29,21,28,25,30,31,23,32,20,26,24
"924",1,0,2,1,3,4,5,6,12,10,7,11,8,9,13,32,14,30,29,16,15,17,18,31,23,27,21,19,28,20,22,26,24,25
"925",0,1,2,1,3,4,7,5,6,10,8,9,14,15,30,11,12,13,16,17,32,19,31,21,20,18,28,29,26,23,27,25,24,22
"926",0,0,1,2,3,4,7,5,6,8,32,9,10,12,11,24,14,15,13,30,29,16,20,31,18,21,17,22,19,23,28,25,26,27
"927",1,0,1,2,3,4,6,7,5,8,9,10,11,12,32,13,15,31,16,30,14,26,28,24,18,21,27,29,25,19,17,23,20,22
"928",0,1,1,2,4,3,5,6,8,7,23,9,12,32,11,30,15,10,31,17,18,13,29,26,28,20,14,16,25,19,22,24,27,21
"929",0,1,1,2,3,4,6,5,32,7,9,8,10,31,27,11,16,14,24,23,30,13,12,15,22,20,26,29,19,17,28,18,21,25
"930",0,0,1,2,3,4,6,5,12,10,7,8,32,9,11,30,31,13,19,26,14,15,22,16,18,25,17,29,28,23,20,27,21,24
"931",0,1,1,2,3,4,10,5,6,7,13,9,8,32,31,12,14,11,24,30,28,15,29,27,16,20,17,18,23,26,21,22,19,25
"932",1,1,32,31,30,29,28,27,26,25,24,23,22,21,20,19,18,17,16,15,14,13,12,11,10,9,8,7,6,5,4,3,2,1
"933",0,1,1,2,3,4,5,7,8,13,6,11,28,9,10,12,31,15,32,23,16,30,14,27,19,25,29,22,18,26,17,24,21,20
"934",0,0,1,3,2,4,5,6,7,12,9,13,10,8,19,11,14,32,30,27,17,15,31,16,29,20,21,18,25,22,28,23,26,24
"935",1,1,32,31,30,29,28,27,26,25,24,23,22,21,20,19,18,17,16,15,14,13,12,11,10,9,8,7,6,5,4,3,2,1
"936",0,0,1,2,3,5,4,7,6,32,9,8,10,23,30,31,11,12,26,29,16,13,27,28,15,21,18,14,25,24,19,22,17,20
"937",0,1,1,2,4,3,5,6,8,10,7,9,13,11,12,19,14,15,16,20,18,32,30,27,31,17,25,29,26,21,23,28,24,22
"938",1,0,1,2,3,4,6,5,11,7,9,12,13,10,14,8,17,15,29,16,20,31,18,30,19,32,28,27,23,24,25,26,21,22
"939",0,1,1,2,3,4,5,7,6,8,11,12,28,9,13,18,29,10,14,30,20,17,31,32,24,21,16,15,23,27,19,26,22,25
"940",0,1,1,2,4,3,5,7,8,6,9,12,10,13,11,17,16,20,14,32,15,29,31,18,30,26,24,21,27,19,28,25,23,22
"941",1,0,1,2,3,4,6,5,7,31,17,8,11,12,9,10,32,13,15,14,30,28,16,24,27,29,18,22,25,20,26,21,19,23
"942",1,0,1,2,3,4,5,6,7,9,8,13,30,10,19,12,32,14,11,31,20,27,15,29,16,28,26,18,25,17,24,22,21,23
"943",1,1,32,31,30,29,28,27,26,25,24,23,22,21,20,19,18,17,16,15,14,13,12,11,10,9,8,7,6,5,4,3,2,1
"944",0,1,1,2,5,3,4,6,7,8,32,9,10,12,11,31,16,30,20,18,15,13,17,28,14,29,22,26,27,25,24,23,21,19
"945",0,0,1,2,3,6,4,5,8,7,9,11,12,10,16,32,31,25,13,14,30,15,17,29,19,22,18,23,28,24,26,27,20,21
"946",1,1,32,31,30,29,28,27,26,25,24,23,22,21,20,19,18,17,16,15,14,13,12,11,10,9,8,7,6,5,4,3,2,1
"947",1,0,1,2,3,5,6,4,8,9,7,10,28,11,32,22,31,16,29,12,30,14,13,26,21,27,20,25,15,18,19,17,23,24
"948",1,1,32,31,30,29,28,27,26,25,24,23,22,21,20,19,18,17,16,15,14,13,12,11,10,9,8,7,6,5,4,3,2,1
"949",1,0,1,3,2,5,4,6,7,9,8,32,10,11,13,27,30,12,14,29,22,26,18,31,28,25,15,16,19,17,23,21,20,24
"950",1,0,1,2,4,3,5,8,7,6,9,10,12,11,13,20,32,14,15,30,16,31,18,19,17,27,25,24,21,28,29,22,26,23
"951",0,1,1,2,3,4,8,6,7,5,9,14,11,15,32,13,10,12,17,16,19,21,30,23,18,31,29,28,20,27,26,22,24,25
"952",0,0,1,2,3,4,6,5,9,7,14,11,8,10,13,12,21,30,32,18,28,15,16,31,26,29,24,19,25,27,23,17,22,20
"953",1,1,32,31,30,29,28,27,26,25,24,23,22,21,20,19,18,17,16,15,14,13,12,11,10,9,8,7,6,5,4,3,2,1
"954",0,1,1,2,4,3,7,5,6,8,9,14,11,13,12,15,10,16,31,32,27,30,26,19,29,17,21,23,18,28,22,20,24,25
"955",1,0,1,2,6,3,4,5,7,10,8,9,32,11,16,12,30,13,14,15,19,28,25,31,21,29,17,26,18,27,24,22,20,23
"956",1,1,32,31,30,29,28,27,26,25,24,23,22,21,20,19,18,17,16,15,14,13,12,11,10,9,8,7,6,5,4,3,2,1
"957",1,0,1,2,3,4,6,5,8,7,32,9,11,30,29,31,27,10,12,13,28,15,18,17,23,16,22,21,14,20,19,26,25,24
"958",1,0,1,2,3,4,6,5,7,11,8,10,16,9,13,31,32,12,14,29,15,28,22,27,30,19,23,20,25,26,21,24,18,17
"959",1,1,32,31,30,29,28,27,26,25,24,23,22,21,20,19,18,17,16,15,14,13,12,11,10,9,8,7,6,5,4,3,2,1
"960",1,0,2,1,3,11,4,7,5,6,9,8,10,12,16,14,13,32,18,29,30,31,15,20,27,28,25,22,19,17,24,21,26,23
"961",1,1,32,31,30,29,28,27,26,25,24,23,22,21,20,19,18,17,16,15,14,13,12,11,10,9,8,7,6,5,4,3,2,1
"962",0,1,1,2,3,4,5,6,8,7,9,10,13,17,12,14,11,16,15,24,31,21,20,32,18,27,19,28,30,22,23,29,25,26
"963",1,1,32,31,30,29,28,27,26,25,24,23,22,21,20,19,18,17,16,15,14,13,12,11,10,9,8,7,6,5,4,3,2,1
"964",1,1,32,31,30,29,28,27,26,25,24,23,22,21,20,19,18,17,16,15,14,13,12,11,10,9,8,7,6,5,4,3,2,1
"965",0,1,1,2,3,9,5,4,6,8,11,7,24,13,10,31,12,32,29,23,17,30,19,14,25,15,28,20,26,27,18,16,22,21
"966",1,1,32,31,30,29,28,27,26,25,24,23,22,21,20,19,18,17,16,15,14,13,12,11,10,9,8,7,6,5,4,3,2,1
"967",1,1,32,31,30,29,28,27,26,25,24,23,22,21,20,19,18,17,16,15,14,13,12,11,10,9,8,7,6,5,4,3,2,1
"968",0,0,1,2,4,3,6,5,32,7,10,9,8,14,11,13,12,26,16,18,17,15,29,31,21,30,24,27,19,20,28,22,25,23
"969",1,0,1,2,3,4,5,7,6,10,11,8,30,9,12,32,31,15,29,14,13,17,23,26,16,27,28,18,19,20,24,25,22,21
"970",0,0,1,2,3,4,6,5,9,10,8,7,14,15,12,16,13,11,21,31,17,32,19,18,26,28,25,24,29,22,23,30,27,20
"971",1,1,32,31,30,29,28,27,26,25,24,23,22,21,20,19,18,17,16,15,14,13,12,11,10,9,8,7,6,5,4,3,2,1
"972",1,1,32,31,30,29,28,27,26,25,24,23,22,21,20,19,18,17,16,15,14,13,12,11,10,9,8,7,6,5,4,3,2,1
"973",0,1,1,2,3,4,5,6,7,10,8,28,9,32,17,12,11,14,15,30,13,16,31,23,29,19,25,21,18,20,26,24,27,22
"974",1,1,32,31,30,29,28,27,26,25,24,23,22,21,20,19,18,17,16,15,14,13,12,11,10,9,8,7,6,5,4,3,2,1
"975",1,0,1,3,2,4,5,7,6,11,10,8,29,9,12,15,14,13,32,30,31,23,28,16,17,25,18,27,24,19,20,21,26,22
"976",1,0,1,2,3,4,5,9,6,8,7,10,11,32,25,12,13,14,29,17,27,31,16,18,15,24,30,23,28,19,21,20,22,26
"977",1,1,32,31,30,29,28,27,26,25,24,23,22,21,20,19,18,17,16,15,14,13,12,11,10,9,8,7,6,5,4,3,2,1
"978",0,0,1,2,3,5,4,7,6,10,8,9,13,16,11,12,32,15,31,20,14,17,26,28,18,29,30,19,27,22,23,25,21,24
"979",0,1,1,3,2,5,8,4,6,9,7,32,11,10,28,12,13,14,31,30,16,29,15,18,19,25,17,22,24,26,21,27,23,20
"980",0,1,1,2,4,3,5,7,6,9,8,10,11,14,25,32,13,24,29,15,30,12,16,28,17,31,21,18,27,22,26,23,19,20
"981",1,1,32,31,30,29,28,27,26,25,24,23,22,21,20,19,18,17,16,15,14,13,12,11,10,9,8,7,6,5,4,3,2,1
"982",1,1,32,31,30,29,28,27,26,25,24,23,22,21,20,19,18,17,16,15,14,13,12,11,10,9,8,7,6,5,4,3,2,1
"983",0,1,1,2,3,4,5,6,7,11,8,10,9,15,14,12,32,13,16,29,20,28,22,30,17,31,19,23,18,27,26,21,24,25
"984",1,0,1,2,3,4,5,8,6,7,20,11,13,12,16,9,10,21,18,24,15,14,19,28,30,31,32,17,22,29,23,26,27,25
"985",0,1,1,2,3,4,6,5,7,9,29,8,14,30,10,28,12,13,22,32,31,26,11,15,16,21,17,27,18,19,25,20,23,24
"986",1,1,32,31,30,29,28,27,26,25,24,23,22,21,20,19,18,17,16,15,14,13,12,11,10,9,8,7,6,5,4,3,2,1
"987",1,0,1,2,5,4,3,6,8,7,26,9,11,13,15,10,16,12,30,14,32,18,28,22,29,25,31,20,27,17,21,19,23,24
"988",1,0,2,1,3,4,5,6,7,8,13,9,10,30,12,14,28,11,29,16,15,32,31,24,27,19,17,23,18,26,22,20,25,21
"989",0,1,1,2,3,4,5,7,6,8,9,12,18,11,32,10,28,13,29,22,30,15,31,16,17,25,27,19,14,20,21,26,24,23
"990",0,0,1,2,3,5,4,10,7,32,13,6,9,30,8,11,25,16,29,28,14,12,31,15,26,17,18,19,21,20,27,22,23,24
"991",1,0,1,2,3,4,5,8,6,7,9,28,11,10,12,15,17,30,16,32,13,14,27,29,31,23,26,20,21,22,18,19,24,25
"992",0,1,1,2,3,4,7,6,5,9,8,15,10,16,12,14,11,32,17,19,18,13,28,31,23,30,21,29,20,25,27,22,26,24
"993",1,0,1,3,2,4,5,6,7,9,8,10,11,12,13,32,31,14,15,30,21,16,25,28,17,23,20,19,22,18,29,24,26,27
"994",0,1,1,2,4,3,5,6,9,8,7,10,11,12,32,16,13,26,15,31,30,17,14,21,23,18,20,28,19,27,22,24,29,25
"995",0,0,1,2,3,5,4,14,9,6,31,8,7,27,11,32,29,17,28,23,10,30,15,13,12,22,26,19,25,24,16,18,20,21
"996",0,1,1,3,2,4,7,5,6,10,18,8,9,11,12,14,15,13,16,31,19,29,20,28,32,17,24,30,27,23,26,21,22,25
"997",1,0,1,2,3,6,4,5,7,8,9,11,31,27,10,13,29,17,12,16,14,32,15,30,22,18,26,28,20,19,24,25,21,23
"998",0,0,1,2,4,3,5,7,10,6,32,8,30,9,29,14,11,19,13,31,27,28,12,20,16,15,17,26,21,24,18,22,25,23
"999",0,0,1,2,3,4,6,5,7,8,18,9,10,16,32,15,13,11,17,12,14,28,23,20,26,31,21,24,27,29,19,25,30,22
"1000",1,1,32,31,30,29,28,27,26,25,24,23,22,21,20,19,18,17,16,15,14,13,12,11,10,9,8,7,6,5,4,3,2,1
