"","descriptor1","descriptor2","descriptor3","descriptor4","descriptor5","descriptor6","descriptor7","descriptor8","party1","party2","party3","party4","party5","party6","party7","party8","party9","party10","party11","party12","party13","party14","party15","party16","party17","party18","party19","party20","party21","party22","party23","party24","party25","party26","party27","party28","party29","party30","party31","party32"
"1",0,1,1,1,0,1,1,0,1,2,3,4,7,5,8,6,11,10,9,14,30,15,12,32,13,31,19,28,17,26,23,22,20,29,18,16,21,27,24,25
"2",0,1,1,1,0,1,0,1,1,2,3,4,5,6,9,7,8,10,11,12,15,20,14,23,31,13,32,30,17,27,16,28,26,18,24,25,22,29,19,21
"3",1,0,1,0,0,1,0,1,1,2,5,3,4,6,7,12,9,8,11,14,13,10,15,32,28,18,30,17,31,29,16,21,25,20,27,19,26,23,22,24
"4",0,1,1,1,1,1,0,0,1,2,3,4,6,5,7,9,8,10,32,11,31,12,28,15,30,13,14,29,27,21,24,17,26,23,25,16,18,19,22,20
"5",0,0,0,1,1,1,1,1,1,2,3,4,5,7,6,8,9,10,32,14,24,12,11,13,16,30,18,25,15,19,31,20,22,17,29,21,27,26,23,28
"6",0,1,1,1,0,0,0,1,2,1,3,4,5,6,7,10,9,8,15,13,12,28,11,17,30,32,14,16,22,18,29,31,26,25,19,24,27,20,21,23
"7",1,0,1,0,1,1,0,1,1,2,3,4,7,6,5,12,11,9,8,10,32,13,14,21,24,15,22,31,29,17,16,25,18,28,30,26,19,20,27,23
"8",1,1,1,1,1,1,0,1,32,1,2,3,4,5,6,7,8,9,10,11,12,13,14,15,16,17,18,19,20,21,22,23,24,25,26,27,28,29,30,31
"9",1,1,1,1,0,0,0,0,32,1,2,3,4,5,6,7,8,9,10,11,12,13,14,15,16,17,18,19,20,21,22,23,24,25,26,27,28,29,30,31
"10",0,1,0,0,1,1,0,0,1,2,4,7,6,3,8,5,9,31,13,10,14,17,12,11,30,32,15,18,29,26,20,27,16,28,19,23,22,21,24,25
"11",0,0,1,0,0,1,0,0,1,3,4,2,5,10,6,8,9,7,11,32,31,18,16,15,12,13,14,19,30,25,29,20,17,28,24,21,22,26,23,27
"12",0,1,1,1,0,0,1,1,2,1,3,6,4,5,9,7,15,8,12,32,22,29,10,11,27,16,13,14,17,30,25,20,23,28,31,19,24,18,21,26
"13",1,0,1,1,0,0,0,0,1,2,3,6,4,5,9,11,7,8,15,12,10,13,18,14,16,32,17,19,21,31,22,29,20,30,27,28,24,26,23,25
"14",0,0,0,0,1,1,0,0,1,3,2,5,4,6,8,7,9,32,10,11,12,13,31,19,18,16,15,17,30,14,23,29,27,20,22,21,28,24,26,25
"15",1,0,1,0,1,1,1,0,1,2,3,4,7,8,5,6,30,9,12,11,10,13,31,25,23,14,26,32,15,22,29,17,16,24,27,19,28,21,18,20
"16",0,1,1,0,0,1,1,0,1,2,4,3,6,5,7,9,8,11,10,12,31,32,17,30,29,13,26,18,14,15,27,28,19,16,22,25,23,21,24,20
"17",0,1,0,1,0,0,0,0,1,2,3,4,5,6,7,10,9,8,11,12,32,31,30,15,16,14,17,13,27,18,25,29,26,19,28,24,22,21,20,23
"18",1,0,1,0,0,1,1,0,1,2,4,3,6,5,7,8,9,10,11,14,13,12,15,16,31,32,30,21,17,25,26,20,18,28,19,22,29,23,27,24
"19",1,1,1,1,1,0,1,0,32,1,2,3,4,5,6,7,8,9,10,11,12,13,14,15,16,17,18,19,20,21,22,23,24,25,26,27,28,29,30,31
"20",0,1,0,1,1,0,0,1,1,2,3,5,4,8,6,7,11,9,28,10,29,32,14,12,31,13,25,19,26,21,27,30,22,18,15,17,23,20,24,16
"21",1,1,0,0,1,0,1,0,32,1,2,3,4,5,6,7,8,9,10,11,12,13,14,15,16,17,18,19,20,21,22,23,24,25,26,27,28,29,30,31
"22",1,0,1,1,0,0,1,1,1,3,2,4,6,5,7,9,8,11,10,31,12,18,14,13,16,27,17,15,29,30,32,20,19,24,28,22,23,26,25,21
"23",1,1,1,0,0,1,1,0,32,1,2,3,4,5,6,7,8,9,10,11,12,13,14,15,16,17,18,19,20,21,22,23,24,25,26,27,28,29,30,31
"24",0,0,1,0,1,0,1,1,1,2,3,4,5,6,7,9,12,8,10,11,18,20,13,15,27,14,16,32,17,21,23,19,22,31,30,29,28,25,26,24
"25",1,1,0,0,1,1,0,0,32,1,2,3,4,5,6,7,8,9,10,11,12,13,14,15,16,17,18,19,20,21,22,23,24,25,26,27,28,29,30,31
"26",1,1,0,0,0,1,0,1,32,1,2,3,4,5,6,7,8,9,10,11,12,13,14,15,16,17,18,19,20,21,22,23,24,25,26,27,28,29,30,31
"27",1,0,0,1,0,1,1,1,1,2,4,3,5,6,9,16,17,7,8,10,31,11,14,32,13,29,15,25,12,22,30,20,18,21,27,19,28,23,24,26
"28",0,0,0,0,1,1,0,0,1,2,3,5,7,4,32,6,8,9,31,12,10,16,13,29,30,11,17,15,14,25,28,24,27,20,19,22,23,18,21,26
"29",0,1,0,0,1,0,1,0,1,2,3,4,5,6,7,8,29,9,23,11,10,32,31,26,13,15,12,14,19,27,20,30,22,16,28,21,18,24,17,25
"30",1,1,1,0,1,1,0,0,32,1,2,3,4,5,6,7,8,9,10,11,12,13,14,15,16,17,18,19,20,21,22,23,24,25,26,27,28,29,30,31
"31",0,1,1,0,0,0,1,0,2,1,3,4,5,6,31,7,13,8,14,9,10,11,12,30,32,28,24,29,27,18,26,16,21,19,22,17,15,25,23,20
"32",1,0,1,0,1,1,1,0,1,2,3,4,5,8,12,9,6,7,31,11,10,32,20,13,19,15,27,14,17,26,30,29,16,23,24,18,25,21,28,22
"33",1,0,1,1,1,0,1,1,1,2,3,6,4,5,7,8,9,12,19,10,11,15,31,32,30,13,24,14,20,26,18,28,16,29,23,22,17,21,25,27
"34",1,0,0,0,1,0,0,0,1,3,2,4,6,5,7,13,8,10,17,21,9,12,32,16,27,11,31,14,29,18,22,15,20,19,28,23,26,30,24,25
"35",0,0,1,0,0,0,0,0,1,2,3,4,8,5,6,10,7,9,15,31,11,32,14,12,30,13,25,18,16,29,17,19,22,23,24,20,26,28,21,27
"36",0,0,0,0,1,1,1,0,1,3,2,4,7,5,6,10,8,9,12,13,16,11,14,15,20,17,18,32,21,28,30,19,31,22,29,27,23,25,24,26
"37",1,0,1,0,1,0,1,0,1,2,3,7,5,4,6,9,10,32,8,31,29,13,11,26,12,18,30,14,28,15,22,21,16,17,19,27,24,25,23,20
"38",0,0,1,1,0,1,1,0,2,1,3,5,4,6,7,8,9,10,13,12,11,24,15,14,16,32,18,28,23,31,29,20,17,19,21,30,27,25,22,26
"39",1,0,1,0,1,0,0,1,3,2,1,6,5,4,7,8,9,13,18,10,11,29,12,14,17,15,27,16,26,28,32,19,31,30,22,25,20,23,21,24
"40",0,0,0,1,1,0,1,1,1,2,3,5,4,6,7,8,31,9,12,32,27,29,28,10,11,24,25,30,13,16,22,14,20,15,26,19,23,18,17,21
"41",1,1,0,1,1,1,0,1,32,1,2,3,4,5,6,7,8,9,10,11,12,13,14,15,16,17,18,19,20,21,22,23,24,25,26,27,28,29,30,31
"42",1,0,1,0,1,1,0,0,1,2,5,3,7,4,6,32,8,10,22,9,12,11,17,16,14,13,31,15,20,29,28,18,23,21,30,24,25,19,27,26
"43",1,1,0,1,0,1,0,1,32,1,2,3,4,5,6,7,8,9,10,11,12,13,14,15,16,17,18,19,20,21,22,23,24,25,26,27,28,29,30,31
"44",1,1,0,1,0,1,1,0,32,1,2,3,4,5,6,7,8,9,10,11,12,13,14,15,16,17,18,19,20,21,22,23,24,25,26,27,28,29,30,31
"45",0,1,1,0,1,1,1,0,1,2,3,4,9,5,7,6,10,11,8,12,29,32,31,16,13,15,17,14,18,28,20,19,30,27,22,23,26,25,24,21
"46",1,0,1,1,0,1,0,1,1,3,2,6,4,7,8,5,11,10,9,13,16,12,14,28,32,29,17,18,15,24,22,30,31,20,19,27,21,23,26,25
"47",1,1,1,1,0,1,0,0,32,1,2,3,4,5,6,7,8,9,10,11,12,13,14,15,16,17,18,19,20,21,22,23,24,25,26,27,28,29,30,31
"48",0,1,0,0,0,0,0,0,1,2,3,4,5,6,20,7,11,15,10,13,8,12,9,29,16,14,28,32,31,30,19,23,17,21,22,18,26,27,25,24
"49",0,1,0,1,1,0,1,1,2,1,3,4,6,5,8,7,13,10,11,9,14,24,32,20,29,12,30,28,26,31,23,15,17,22,25,27,21,16,18,19
"50",1,0,1,1,1,0,1,0,1,2,3,4,6,5,8,10,7,12,15,9,13,11,30,32,29,24,14,31,16,19,26,27,17,21,18,22,20,25,23,28
"51",0,1,0,0,1,0,0,0,3,2,1,4,6,5,7,8,9,10,11,25,13,32,12,14,18,30,20,16,15,29,27,31,28,17,26,22,24,21,19,23
"52",0,0,1,1,1,0,1,1,1,2,3,4,8,12,9,5,7,6,31,18,16,11,10,13,14,20,15,28,29,22,32,19,17,27,24,30,21,23,25,26
"53",0,0,1,1,0,1,1,0,1,2,3,4,5,6,31,13,7,9,8,26,15,10,14,12,32,11,16,19,29,18,17,30,28,22,20,23,21,25,27,24
"54",1,1,1,1,0,0,1,1,32,1,2,3,4,5,6,7,8,9,10,11,12,13,14,15,16,17,18,19,20,21,22,23,24,25,26,27,28,29,30,31
"55",1,0,1,1,1,0,1,1,1,2,3,4,5,6,12,32,29,7,28,9,8,10,11,17,26,19,13,31,14,30,15,27,24,16,25,18,20,22,21,23
"56",1,0,1,0,1,0,1,0,2,1,3,4,7,8,6,5,11,15,9,10,12,14,30,13,17,22,32,16,31,19,27,18,23,29,20,21,26,24,28,25
"57",0,0,0,0,0,0,1,0,1,2,3,4,6,5,7,8,11,32,9,29,10,12,31,13,27,15,17,25,14,30,19,18,28,26,16,21,23,22,24,20
"58",0,0,1,0,1,0,0,1,1,2,3,4,5,8,6,9,7,10,32,11,12,16,31,29,19,21,27,28,13,14,18,30,20,15,25,17,24,26,23,22
"59",0,0,0,1,1,1,0,0,1,2,3,4,5,6,8,7,11,10,9,15,24,12,32,29,31,13,30,17,16,14,18,28,19,25,22,20,27,26,23,21
"60",0,0,0,1,1,0,0,0,1,2,5,3,4,8,7,6,15,9,10,32,14,11,12,31,30,13,16,27,21,24,17,18,28,25,29,19,22,26,20,23
"61",1,0,0,0,1,0,0,1,1,2,3,4,5,6,15,7,10,31,8,32,9,14,13,11,16,19,12,17,30,18,20,26,29,24,22,25,23,28,21,27
"62",1,0,0,0,0,1,0,1,1,2,3,4,6,5,7,9,8,10,12,16,32,11,15,30,13,14,27,29,31,28,25,18,23,26,17,19,21,20,24,22
"63",0,1,0,1,1,0,1,1,1,2,3,4,6,5,8,7,9,12,11,10,17,13,31,29,32,14,26,30,27,20,25,21,16,24,15,23,28,19,22,18
"64",1,1,0,1,1,1,0,1,32,1,2,3,4,5,6,7,8,9,10,11,12,13,14,15,16,17,18,19,20,21,22,23,24,25,26,27,28,29,30,31
"65",0,0,0,1,1,1,1,1,1,2,3,4,5,7,8,6,12,9,32,11,14,28,18,30,10,13,26,31,15,23,16,29,17,24,27,19,22,20,25,21
"66",0,1,1,1,0,1,0,1,1,2,3,4,8,7,6,5,9,25,11,10,12,13,32,31,17,15,28,16,24,30,14,29,27,26,19,21,18,23,22,20
"67",1,1,0,0,0,1,1,0,32,1,2,3,4,5,6,7,8,9,10,11,12,13,14,15,16,17,18,19,20,21,22,23,24,25,26,27,28,29,30,31
"68",0,1,1,1,0,1,1,0,1,2,3,5,4,7,6,9,11,8,10,16,12,13,32,17,22,14,15,18,31,19,29,27,21,20,25,23,30,28,24,26
"69",1,1,0,0,1,0,0,0,32,1,2,3,4,5,6,7,8,9,10,11,12,13,14,15,16,17,18,19,20,21,22,23,24,25,26,27,28,29,30,31
"70",1,1,1,0,1,1,1,0,32,1,2,3,4,5,6,7,8,9,10,11,12,13,14,15,16,17,18,19,20,21,22,23,24,25,26,27,28,29,30,31
"71",1,0,0,0,1,1,1,0,1,2,3,4,5,6,8,12,7,9,11,22,10,13,15,32,30,18,16,17,14,21,31,26,29,19,28,23,27,25,24,20
"72",0,0,1,0,1,0,1,0,1,2,4,3,5,8,6,7,11,9,15,18,10,13,16,17,12,14,29,32,19,31,26,23,21,30,24,22,20,28,25,27
"73",0,1,0,0,1,0,0,0,1,2,3,4,5,6,8,10,7,9,12,11,14,18,13,31,32,19,15,16,30,21,17,26,25,22,28,20,27,29,24,23
"74",0,1,0,1,1,1,1,0,1,2,3,4,6,5,7,10,11,8,32,12,9,14,13,19,31,22,16,29,15,17,26,30,18,23,20,28,21,25,24,27
"75",1,0,1,0,1,1,0,0,2,1,4,3,6,5,7,11,9,8,12,32,10,14,17,15,13,16,18,19,28,20,21,22,23,29,31,24,30,27,25,26
"76",1,0,1,1,0,1,1,1,1,2,3,4,6,5,9,7,8,11,12,32,10,14,18,17,29,13,26,15,16,28,19,22,21,31,25,24,30,27,23,20
"77",1,1,1,0,1,0,0,1,32,1,2,3,4,5,6,7,8,9,10,11,12,13,14,15,16,17,18,19,20,21,22,23,24,25,26,27,28,29,30,31
"78",0,0,0,1,1,0,0,1,1,3,2,4,5,15,6,7,10,8,9,12,11,22,13,14,32,16,30,18,17,26,31,24,19,29,25,28,27,21,20,23
"79",1,0,0,0,0,1,0,0,2,1,3,4,7,5,8,6,14,9,12,17,15,11,13,10,32,31,20,16,23,30,25,27,22,24,19,28,21,29,18,26
"80",1,0,0,0,1,1,1,0,1,2,3,4,5,6,9,7,11,8,10,16,12,13,19,15,14,17,27,18,23,32,31,20,25,21,26,30,22,24,29,28
"81",0,1,0,1,0,0,0,0,1,2,3,4,5,7,12,8,6,9,11,13,10,32,15,24,30,29,25,14,16,31,23,22,17,20,28,27,18,26,21,19
"82",0,0,1,1,1,0,0,1,1,2,3,4,5,8,6,7,9,14,10,19,11,18,13,12,15,16,17,27,32,21,20,22,26,25,23,24,28,30,31,29
"83",0,0,0,0,0,0,0,0,1,2,3,4,5,6,7,8,32,9,11,30,17,16,12,10,14,13,29,25,15,18,31,26,27,28,20,19,24,22,23,21
"84",1,1,1,0,1,0,0,1,32,1,2,3,4,5,6,7,8,9,10,11,12,13,14,15,16,17,18,19,20,21,22,23,24,25,26,27,28,29,30,31
"85",1,1,1,0,0,0,1,1,32,1,2,3,4,5,6,7,8,9,10,11,12,13,14,15,16,17,18,19,20,21,22,23,24,25,26,27,28,29,30,31
"86",1,1,0,1,0,0,1,0,32,1,2,3,4,5,6,7,8,9,10,11,12,13,14,15,16,17,18,19,20,21,22,23,24,25,26,27,28,29,30,31
"87",0,0,1,0,1,0,1,0,1,2,3,4,5,7,6,8,9,16,10,11,26,12,14,13,15,29,31,32,17,30,18,28,27,25,24,21,23,22,19,20
"88",1,1,1,0,1,0,1,1,32,1,2,3,4,5,6,7,8,9,10,11,12,13,14,15,16,17,18,19,20,21,22,23,24,25,26,27,28,29,30,31
"89",1,0,1,0,0,1,0,1,1,2,4,3,6,7,5,10,8,9,31,11,30,12,27,13,32,14,23,19,15,18,17,29,16,28,26,20,25,21,24,22
"90",0,1,0,1,1,0,0,1,1,2,4,3,6,5,8,7,11,32,9,31,10,12,30,16,13,14,15,22,20,29,17,18,28,27,25,19,21,23,24,26
"91",0,1,0,0,0,1,0,1,1,4,2,3,5,6,7,9,8,11,10,14,12,15,32,22,13,31,26,16,17,21,20,27,19,23,18,25,28,30,24,29
"92",1,0,1,1,0,1,1,1,1,2,3,5,6,4,31,7,12,10,9,11,24,8,32,13,29,26,30,28,27,25,14,23,15,18,17,16,21,19,22,20
"93",1,0,0,0,0,1,0,1,1,2,4,3,6,7,5,12,9,10,8,14,27,11,23,31,17,13,28,30,32,15,29,19,18,16,22,21,20,24,26,25
"94",1,1,1,1,0,1,0,1,32,1,2,3,4,5,6,7,8,9,10,11,12,13,14,15,16,17,18,19,20,21,22,23,24,25,26,27,28,29,30,31
"95",1,0,1,1,0,1,1,1,1,2,3,4,5,6,7,8,9,12,14,11,29,10,32,15,31,13,16,19,30,23,17,27,25,28,22,18,21,20,26,24
"96",1,1,0,0,1,0,0,1,32,1,2,3,4,5,6,7,8,9,10,11,12,13,14,15,16,17,18,19,20,21,22,23,24,25,26,27,28,29,30,31
"97",0,0,1,1,0,0,1,0,1,2,3,4,5,6,7,10,11,8,30,9,13,12,15,14,29,32,17,28,16,25,22,18,31,21,23,20,24,26,19,27
"98",1,0,0,0,0,0,1,0,1,2,3,5,4,8,7,6,9,11,15,32,16,10,29,14,12,31,27,30,28,13,25,23,26,18,19,22,20,21,17,24
"99",1,0,1,1,1,0,1,0,1,2,3,4,5,6,9,8,7,10,11,19,13,15,14,12,24,16,32,30,17,21,29,31,20,28,27,26,22,18,25,23
"100",0,0,0,0,0,0,0,0,1,2,4,3,5,6,11,24,7,8,9,10,27,14,13,32,18,16,31,12,21,15,30,28,17,23,19,29,22,25,20,26
"101",0,1,0,0,1,0,1,1,2,1,3,4,6,5,7,9,8,10,11,23,14,32,19,12,18,30,13,16,17,15,22,31,29,25,27,20,24,21,26,28
"102",0,0,0,0,1,0,0,1,1,2,3,4,5,6,7,8,10,9,12,13,14,16,11,15,18,32,19,31,22,28,27,30,29,17,23,26,20,25,21,24
"103",1,1,1,1,1,1,1,1,32,1,2,3,4,5,6,7,8,9,10,11,12,13,14,15,16,17,18,19,20,21,22,23,24,25,26,27,28,29,30,31
"104",1,1,0,0,0,0,0,1,32,1,2,3,4,5,6,7,8,9,10,11,12,13,14,15,16,17,18,19,20,21,22,23,24,25,26,27,28,29,30,31
"105",0,0,1,0,1,0,1,1,1,3,2,4,6,7,5,11,31,16,8,10,9,27,28,32,12,30,29,26,13,17,15,14,19,24,25,23,20,18,21,22
"106",0,1,0,1,0,0,0,0,1,2,3,4,6,5,7,32,8,10,11,9,30,29,13,12,31,25,14,15,28,19,22,18,17,16,20,26,24,27,21,23
"107",1,0,1,1,0,1,1,0,1,2,3,4,5,6,7,8,12,9,13,18,11,10,31,17,14,28,32,19,16,30,29,15,21,27,26,25,22,24,20,23
"108",0,0,1,0,0,0,1,1,1,2,7,4,3,6,5,32,8,11,9,28,10,13,12,30,22,15,14,31,29,27,16,21,17,25,20,26,19,18,23,24
"109",1,0,0,0,1,0,0,1,1,2,3,4,7,6,5,8,10,11,16,12,32,9,14,21,31,13,17,29,22,15,30,26,20,24,19,18,28,23,27,25
"110",0,1,1,1,0,0,1,0,1,2,3,6,4,5,7,9,8,11,10,14,13,12,15,29,31,27,32,28,19,23,30,22,17,20,16,18,24,25,21,26
"111",0,0,1,0,0,0,1,1,1,3,2,4,5,7,6,9,8,14,10,12,19,11,13,32,29,15,17,31,18,16,27,30,28,23,22,26,20,21,25,24
"112",0,1,1,1,1,1,1,0,1,2,3,5,4,9,7,12,10,6,8,13,14,11,17,19,15,32,16,20,31,27,18,21,24,22,29,30,23,26,25,28
"113",0,1,0,1,1,0,1,1,1,2,3,6,4,5,7,8,10,12,15,11,14,16,9,13,32,30,31,28,24,18,21,17,27,29,25,19,26,23,20,22
"114",1,0,1,1,0,0,0,0,1,2,3,4,5,10,6,9,7,11,17,12,8,32,13,18,15,14,16,31,30,19,21,20,24,29,28,27,23,25,26,22
"115",0,1,1,1,0,1,0,0,1,2,3,5,4,6,13,7,10,9,8,11,30,12,16,14,32,15,21,31,19,18,23,20,17,29,22,25,26,24,28,27
"116",0,0,1,1,0,1,1,0,1,2,3,6,4,5,7,8,9,10,25,32,31,28,30,19,18,29,11,27,13,12,26,17,15,14,16,22,20,24,23,21
"117",0,1,1,0,0,1,1,0,2,1,3,4,9,5,6,7,8,10,11,15,12,27,14,13,31,30,32,17,18,16,28,23,25,26,19,29,24,20,21,22
"118",1,1,0,0,1,1,0,1,32,1,2,3,4,5,6,7,8,9,10,11,12,13,14,15,16,17,18,19,20,21,22,23,24,25,26,27,28,29,30,31
"119",0,0,1,1,0,0,1,1,1,2,3,4,8,5,6,10,11,7,9,12,14,31,28,16,13,25,15,32,18,23,17,30,19,20,22,29,24,21,26,27
"120",0,0,0,0,1,0,1,1,1,2,4,3,6,7,24,5,8,10,9,31,11,32,12,29,13,15,16,14,30,25,18,17,26,20,27,21,28,19,22,23
"121",0,0,1,0,0,0,0,0,1,2,3,4,5,6,7,10,32,8,9,11,14,12,13,30,28,15,16,26,29,19,25,22,17,31,27,24,21,23,18,20
"122",0,0,1,0,0,0,0,0,1,2,3,5,4,8,6,7,11,12,10,9,25,16,15,32,27,19,13,31,23,28,14,30,29,17,18,22,21,20,24,26
"123",1,0,1,0,0,1,0,1,1,3,2,4,6,5,7,8,16,9,14,10,18,13,11,12,32,15,31,17,24,28,20,19,23,22,30,21,29,26,27,25
"124",0,0,0,0,0,0,1,1,1,2,3,4,5,7,6,9,8,31,10,11,28,32,12,13,16,27,29,30,24,14,15,17,22,26,21,20,25,19,23,18
"125",1,1,0,0,0,1,0,1,32,1,2,3,4,5,6,7,8,9,10,11,12,13,14,15,16,17,18,19,20,21,22,23,24,25,26,27,28,29,30,31
"126",0,0,1,1,1,1,0,1,1,2,3,4,6,5,8,7,10,32,12,9,11,15,19,16,13,20,14,17,30,27,18,22,31,26,21,28,25,23,24,29
"127",0,1,1,0,0,0,0,0,1,3,2,5,4,6,7,9,8,11,10,32,12,31,18,20,25,19,27,14,13,29,15,30,26,28,16,17,22,23,21,24
"128",1,1,1,1,1,0,0,1,32,1,2,3,4,5,6,7,8,9,10,11,12,13,14,15,16,17,18,19,20,21,22,23,24,25,26,27,28,29,30,31
"129",1,0,0,1,0,0,1,0,1,2,3,4,5,7,8,6,9,10,14,13,11,12,31,16,27,15,18,28,32,30,17,29,24,19,22,20,23,25,26,21
"130",0,0,0,1,0,1,0,1,1,2,3,4,6,5,8,7,12,9,13,10,11,14,16,31,32,26,28,15,18,17,22,30,20,21,19,25,29,24,23,27
"131",1,1,1,0,0,1,1,1,32,1,2,3,4,5,6,7,8,9,10,11,12,13,14,15,16,17,18,19,20,21,22,23,24,25,26,27,28,29,30,31
"132",1,0,0,1,1,1,0,0,1,2,4,3,6,5,7,17,9,12,13,8,27,10,15,11,16,30,14,32,31,18,29,23,20,28,24,22,25,26,19,21
"133",1,0,1,1,1,1,0,0,1,3,2,4,6,5,8,7,13,11,32,9,10,12,23,28,30,31,27,15,25,18,14,22,29,24,26,19,20,16,17,21
"134",0,0,1,1,1,1,1,1,1,2,3,4,6,5,8,7,31,9,32,16,10,11,12,15,13,22,21,26,30,14,29,23,25,24,17,18,28,19,27,20
"135",1,1,1,0,0,0,1,0,32,1,2,3,4,5,6,7,8,9,10,11,12,13,14,15,16,17,18,19,20,21,22,23,24,25,26,27,28,29,30,31
"136",1,1,1,0,0,1,0,0,32,1,2,3,4,5,6,7,8,9,10,11,12,13,14,15,16,17,18,19,20,21,22,23,24,25,26,27,28,29,30,31
"137",0,0,1,0,1,1,1,1,1,3,2,5,8,4,9,7,6,12,10,32,11,31,29,21,20,13,28,15,30,17,14,27,16,26,18,19,25,22,24,23
"138",0,0,0,0,0,0,1,0,1,2,3,6,4,5,9,7,15,8,11,10,12,23,14,13,32,16,17,25,22,18,31,21,20,19,30,28,27,29,24,26
"139",0,1,0,1,0,0,1,1,1,2,3,4,5,6,7,11,8,9,10,12,18,13,15,14,32,16,22,17,30,31,20,24,19,21,25,29,27,28,26,23
"140",1,0,0,1,1,1,0,1,1,3,2,4,5,7,6,8,11,29,9,10,17,14,12,13,31,32,26,28,18,20,15,27,16,22,30,19,24,21,23,25
"141",1,1,1,1,1,1,1,1,32,1,2,3,4,5,6,7,8,9,10,11,12,13,14,15,16,17,18,19,20,21,22,23,24,25,26,27,28,29,30,31
"142",0,1,0,1,0,0,0,0,1,2,3,4,5,8,11,6,7,9,14,12,10,13,32,22,27,31,15,17,30,28,29,20,26,16,19,21,23,24,18,25
"143",1,1,0,0,0,1,1,1,32,1,2,3,4,5,6,7,8,9,10,11,12,13,14,15,16,17,18,19,20,21,22,23,24,25,26,27,28,29,30,31
"144",0,1,0,0,0,0,1,1,1,2,4,3,8,9,6,5,11,7,32,26,15,16,13,12,10,14,19,23,18,31,17,29,28,20,30,21,22,27,24,25
"145",0,0,0,1,1,0,1,1,1,2,3,4,8,5,6,7,9,15,13,12,10,11,17,23,16,14,32,21,19,24,30,27,31,25,18,26,22,29,20,28
"146",1,0,1,0,0,0,0,0,1,2,3,4,6,5,8,32,7,31,12,9,10,14,17,13,11,30,15,21,24,19,16,25,22,28,29,18,23,26,20,27
"147",1,1,1,1,1,1,0,0,32,1,2,3,4,5,6,7,8,9,10,11,12,13,14,15,16,17,18,19,20,21,22,23,24,25,26,27,28,29,30,31
"148",0,1,0,0,0,0,1,1,1,2,4,3,6,5,11,32,7,15,13,8,16,10,12,28,9,14,29,26,30,18,20,24,17,23,31,25,27,19,21,22
"149",0,1,1,0,0,0,1,0,1,2,3,6,4,8,9,5,7,29,32,31,30,10,13,21,17,14,27,12,11,16,20,28,26,18,24,15,25,19,23,22
"150",0,1,1,1,1,0,1,0,1,2,3,4,5,6,8,7,11,10,9,13,15,12,17,14,31,16,32,18,20,21,25,28,23,19,29,30,22,24,27,26
"151",0,0,1,1,1,0,0,1,1,2,4,3,5,7,6,9,8,31,11,10,17,32,12,16,14,30,13,29,26,15,19,18,21,20,28,23,27,24,22,25
"152",1,0,0,1,0,1,0,1,1,2,3,4,6,5,9,7,8,10,12,13,11,15,18,14,17,28,20,24,32,23,16,31,19,29,30,27,26,25,22,21
"153",0,1,0,1,1,0,1,0,1,2,3,5,4,6,8,11,9,7,10,28,29,30,24,32,12,26,31,13,19,15,14,16,27,18,25,23,17,22,21,20
"154",1,1,0,0,1,1,0,0,32,1,2,3,4,5,6,7,8,9,10,11,12,13,14,15,16,17,18,19,20,21,22,23,24,25,26,27,28,29,30,31
"155",1,0,1,1,1,1,0,1,1,3,2,5,4,7,6,8,9,10,14,11,15,16,12,31,21,17,13,18,22,19,28,20,25,23,32,29,27,24,30,26
"156",1,1,0,1,0,0,0,1,32,1,2,3,4,5,6,7,8,9,10,11,12,13,14,15,16,17,18,19,20,21,22,23,24,25,26,27,28,29,30,31
"157",0,0,0,1,1,1,0,0,1,2,6,3,4,5,9,8,7,10,32,29,31,28,12,14,11,13,30,26,16,15,27,17,19,24,18,21,20,23,22,25
"158",0,1,1,1,1,0,1,1,1,2,4,3,5,12,6,8,7,10,30,32,11,9,29,23,31,14,13,28,19,15,27,21,16,22,25,17,20,26,24,18
"159",1,0,1,0,1,1,0,1,1,3,2,4,5,10,6,7,9,13,8,12,14,11,32,16,30,31,17,15,19,18,20,28,23,21,24,29,26,25,22,27
"160",1,1,1,1,0,1,0,1,32,1,2,3,4,5,6,7,8,9,10,11,12,13,14,15,16,17,18,19,20,21,22,23,24,25,26,27,28,29,30,31
"161",1,0,1,0,0,1,0,0,1,2,3,5,4,8,6,7,16,12,14,17,9,10,11,13,20,15,26,18,25,31,19,32,24,21,30,22,29,23,28,27
"162",0,0,1,1,0,1,1,0,1,3,2,6,4,7,5,28,8,31,12,13,32,11,10,15,9,27,18,25,14,29,17,22,30,16,21,19,26,24,23,20
"163",1,0,1,1,1,1,1,1,1,2,3,4,6,7,5,8,10,11,28,32,19,9,14,30,13,12,29,31,18,16,17,15,20,27,25,23,22,24,26,21
"164",1,1,0,0,1,0,1,0,32,1,2,3,4,5,6,7,8,9,10,11,12,13,14,15,16,17,18,19,20,21,22,23,24,25,26,27,28,29,30,31
"165",1,0,0,1,1,1,1,1,1,3,2,4,6,5,7,11,8,9,32,30,10,13,14,12,18,23,15,17,29,31,22,28,16,25,21,26,19,20,27,24
"166",0,0,1,0,1,1,1,0,1,2,3,4,6,5,9,8,11,7,10,13,12,14,21,15,16,27,32,17,18,26,30,31,20,29,19,28,24,25,23,22
"167",0,0,0,1,0,1,1,1,1,2,3,5,4,7,6,31,28,9,32,8,11,30,10,29,21,25,13,27,23,12,15,26,24,14,16,22,19,17,18,20
"168",0,1,1,1,0,1,1,1,1,2,3,4,6,5,7,8,10,9,27,11,31,26,12,29,13,16,14,15,28,19,32,18,30,17,23,25,21,20,22,24
"169",1,0,1,1,1,1,0,0,1,2,3,4,5,6,7,8,10,9,12,29,11,31,13,30,15,32,17,22,14,19,23,26,27,18,25,16,28,20,24,21
"170",0,0,1,1,1,1,0,0,1,2,4,3,5,7,6,8,9,13,10,11,12,19,14,16,18,32,15,31,23,27,24,21,17,20,25,30,22,26,28,29
"171",0,1,0,0,1,1,0,0,1,2,3,4,6,5,8,7,12,9,32,13,29,10,30,27,14,19,11,15,16,17,22,21,31,20,28,18,26,24,23,25
"172",1,0,1,1,1,1,1,0,1,2,3,8,7,4,5,6,9,28,10,12,16,13,30,11,17,14,15,32,26,31,18,27,29,24,20,22,19,21,25,23
"173",1,1,0,1,0,0,1,1,32,1,2,3,4,5,6,7,8,9,10,11,12,13,14,15,16,17,18,19,20,21,22,23,24,25,26,27,28,29,30,31
"174",0,0,1,0,0,0,0,1,2,1,3,4,5,6,7,12,10,31,9,8,11,16,29,32,13,22,30,25,19,26,28,24,18,21,14,27,15,23,20,17
"175",1,1,1,1,0,0,1,1,32,1,2,3,4,5,6,7,8,9,10,11,12,13,14,15,16,17,18,19,20,21,22,23,24,25,26,27,28,29,30,31
"176",0,0,1,1,0,1,1,1,1,2,4,3,5,7,6,10,8,9,18,24,11,17,21,12,13,23,14,28,31,15,16,27,32,29,20,30,25,26,19,22
"177",1,1,0,0,1,1,0,0,32,1,2,3,4,5,6,7,8,9,10,11,12,13,14,15,16,17,18,19,20,21,22,23,24,25,26,27,28,29,30,31
"178",0,1,0,1,0,0,1,1,1,2,3,4,6,5,32,14,8,7,30,10,31,11,9,13,19,12,15,18,24,17,21,16,28,25,20,29,22,27,26,23
"179",1,1,0,0,0,1,1,1,32,1,2,3,4,5,6,7,8,9,10,11,12,13,14,15,16,17,18,19,20,21,22,23,24,25,26,27,28,29,30,31
"180",0,1,0,0,0,0,0,0,3,1,4,2,5,6,7,8,9,10,12,14,13,11,16,18,17,15,19,32,29,26,23,27,20,31,24,30,28,21,22,25
"181",1,1,1,0,0,0,1,1,32,1,2,3,4,5,6,7,8,9,10,11,12,13,14,15,16,17,18,19,20,21,22,23,24,25,26,27,28,29,30,31
"182",0,0,1,1,0,1,0,1,2,1,3,4,5,6,8,11,7,10,9,32,12,13,15,31,22,29,30,14,16,19,21,18,25,23,26,17,27,28,20,24
"183",1,1,0,0,0,1,1,0,32,1,2,3,4,5,6,7,8,9,10,11,12,13,14,15,16,17,18,19,20,21,22,23,24,25,26,27,28,29,30,31
"184",0,0,1,1,0,1,1,1,1,4,3,2,6,8,5,10,7,9,12,11,32,17,16,14,19,13,22,18,21,20,25,15,29,30,26,27,28,31,23,24
"185",1,1,0,0,1,1,0,0,32,1,2,3,4,5,6,7,8,9,10,11,12,13,14,15,16,17,18,19,20,21,22,23,24,25,26,27,28,29,30,31
"186",1,1,1,0,1,1,1,1,32,1,2,3,4,5,6,7,8,9,10,11,12,13,14,15,16,17,18,19,20,21,22,23,24,25,26,27,28,29,30,31
"187",1,0,1,1,1,1,0,0,2,1,3,4,5,6,8,7,10,9,12,31,29,13,30,11,15,32,27,25,26,23,21,14,20,18,28,19,16,22,24,17
"188",1,0,0,0,0,0,0,0,1,2,5,3,4,7,8,6,32,9,10,31,29,11,14,30,13,28,27,12,15,16,25,18,26,19,24,20,17,23,21,22
"189",0,0,0,0,0,0,1,1,1,3,2,7,5,4,10,6,8,23,11,9,13,31,32,12,30,27,25,14,19,29,20,21,26,24,18,28,16,17,15,22
"190",0,0,0,0,0,1,0,0,1,2,3,5,4,7,6,9,10,8,13,11,30,16,12,15,32,14,17,31,29,27,28,26,21,18,19,22,20,25,24,23
"191",0,0,1,1,1,1,0,1,1,2,3,4,6,5,7,8,9,10,32,15,11,13,14,24,12,16,31,21,18,17,29,30,28,27,22,20,23,26,19,25
"192",1,0,1,1,0,1,0,0,1,2,3,5,4,6,9,7,8,14,12,11,10,15,18,13,17,29,32,22,16,31,21,20,19,26,30,27,23,28,25,24
"193",0,0,0,1,0,0,0,1,1,2,3,4,5,6,7,25,15,10,14,8,9,29,12,31,32,11,26,30,20,13,18,23,16,17,27,19,24,28,21,22
"194",1,1,0,0,1,0,0,0,32,1,2,3,4,5,6,7,8,9,10,11,12,13,14,15,16,17,18,19,20,21,22,23,24,25,26,27,28,29,30,31
"195",1,0,1,0,1,1,1,0,1,2,3,4,5,6,8,9,7,10,12,11,31,32,13,29,14,15,30,16,19,26,21,28,25,27,23,17,20,18,24,22
"196",0,1,0,0,1,0,1,1,1,3,2,4,5,8,7,6,10,32,9,13,11,12,23,31,16,28,14,17,30,18,15,21,29,24,27,19,22,20,26,25
"197",1,0,0,0,0,0,0,0,2,1,3,4,5,8,6,7,31,11,9,10,32,12,13,14,19,16,30,18,15,28,26,29,17,20,25,24,27,23,22,21
"198",0,0,0,0,0,0,0,0,1,2,3,4,5,8,7,6,10,9,11,13,32,12,14,19,31,28,15,30,29,22,26,17,18,16,20,24,23,21,27,25
"199",0,1,0,0,0,1,1,0,1,4,2,3,5,7,6,10,8,13,11,9,15,12,32,14,18,17,22,31,16,29,27,30,21,26,25,28,20,24,19,23
"200",0,0,0,1,1,0,1,1,2,1,3,4,5,6,9,10,8,11,7,32,31,13,14,12,29,28,15,16,30,27,17,19,21,18,25,23,20,26,24,22
"201",1,1,0,0,0,1,0,1,32,1,2,3,4,5,6,7,8,9,10,11,12,13,14,15,16,17,18,19,20,21,22,23,24,25,26,27,28,29,30,31
"202",1,1,0,0,0,1,0,1,32,1,2,3,4,5,6,7,8,9,10,11,12,13,14,15,16,17,18,19,20,21,22,23,24,25,26,27,28,29,30,31
"203",1,0,0,1,1,0,0,0,1,2,3,4,5,6,7,32,8,31,9,11,10,30,28,15,29,12,24,19,13,25,14,26,22,20,27,23,16,21,17,18
"204",0,1,1,1,1,1,1,1,1,2,3,5,4,6,7,10,9,17,8,32,19,12,11,31,13,14,24,29,30,21,16,27,28,20,15,23,18,25,22,26
"205",1,0,0,1,0,0,1,0,1,2,3,4,5,6,10,7,26,9,8,12,32,15,11,31,30,27,13,20,25,14,28,17,16,29,23,22,18,19,24,21
"206",0,1,1,0,1,0,0,0,1,2,3,4,5,11,7,6,10,8,14,12,9,13,20,17,18,16,15,21,19,28,30,31,32,26,27,23,25,29,22,24
"207",1,1,0,1,1,1,1,1,32,1,2,3,4,5,6,7,8,9,10,11,12,13,14,15,16,17,18,19,20,21,22,23,24,25,26,27,28,29,30,31
"208",1,0,1,1,1,0,0,1,1,2,3,4,5,6,7,8,10,11,13,9,27,31,32,12,14,30,21,16,23,20,19,25,17,15,18,29,22,28,24,26
"209",1,1,0,0,1,0,0,0,32,1,2,3,4,5,6,7,8,9,10,11,12,13,14,15,16,17,18,19,20,21,22,23,24,25,26,27,28,29,30,31
"210",0,1,1,1,1,0,0,1,1,2,3,8,5,4,7,12,13,6,23,10,31,16,9,11,15,32,14,26,24,17,27,18,20,21,19,29,30,28,25,22
"211",0,0,0,0,0,1,1,0,1,2,3,4,5,6,9,8,7,10,11,14,30,12,13,15,32,16,29,17,31,25,18,20,21,28,19,27,26,24,23,22
"212",1,0,0,1,0,1,1,1,1,2,3,4,5,7,8,9,6,12,10,14,32,31,28,11,19,30,18,15,13,29,20,16,17,24,22,23,21,27,26,25
"213",1,1,1,0,1,1,0,0,32,1,2,3,4,5,6,7,8,9,10,11,12,13,14,15,16,17,18,19,20,21,22,23,24,25,26,27,28,29,30,31
"214",1,1,0,0,1,0,0,0,32,1,2,3,4,5,6,7,8,9,10,11,12,13,14,15,16,17,18,19,20,21,22,23,24,25,26,27,28,29,30,31
"215",0,0,0,1,1,1,0,1,1,2,3,4,5,7,6,31,11,13,10,8,9,12,32,14,27,24,21,22,30,15,29,19,25,28,23,16,18,26,20,17
"216",1,1,1,0,1,0,1,0,32,1,2,3,4,5,6,7,8,9,10,11,12,13,14,15,16,17,18,19,20,21,22,23,24,25,26,27,28,29,30,31
"217",1,0,1,1,1,1,0,1,2,1,3,4,5,6,8,9,10,11,7,12,14,23,13,18,16,17,15,32,26,24,29,31,25,21,30,22,28,27,19,20
"218",0,1,0,1,0,0,1,1,1,2,3,4,5,6,8,7,9,10,31,11,13,28,12,32,18,21,29,25,30,22,23,14,16,17,27,26,15,20,19,24
"219",0,0,1,0,0,1,1,1,2,3,1,4,5,6,7,8,20,14,9,15,10,11,13,12,16,32,31,17,19,18,22,30,21,25,28,29,23,27,24,26
"220",0,1,1,0,0,1,1,1,1,2,3,4,5,7,6,8,10,9,14,21,15,11,13,12,16,32,27,28,18,31,24,20,19,22,17,29,30,26,25,23
"221",0,0,1,1,0,1,1,0,1,2,5,4,3,6,7,10,9,8,11,23,32,15,13,12,16,31,14,24,30,17,18,27,20,19,21,28,29,22,26,25
"222",0,1,0,1,1,1,1,1,1,3,2,4,6,8,5,7,12,9,32,13,10,19,11,16,18,20,15,30,14,31,17,27,21,26,28,29,25,24,22,23
"223",1,1,1,1,1,0,1,0,32,1,2,3,4,5,6,7,8,9,10,11,12,13,14,15,16,17,18,19,20,21,22,23,24,25,26,27,28,29,30,31
"224",0,1,0,1,0,1,0,0,2,1,3,4,7,6,9,5,12,8,10,11,16,28,15,13,17,19,14,20,32,31,26,18,22,24,30,27,23,21,25,29
"225",1,1,1,0,1,1,1,1,32,1,2,3,4,5,6,7,8,9,10,11,12,13,14,15,16,17,18,19,20,21,22,23,24,25,26,27,28,29,30,31
"226",1,0,1,1,1,1,1,0,1,2,3,4,5,12,7,6,11,8,9,10,18,28,15,30,32,16,26,31,22,29,13,27,14,25,23,17,21,20,24,19
"227",0,1,0,1,1,1,1,0,1,3,2,4,5,6,12,7,8,11,10,28,9,18,32,14,29,13,16,21,15,30,24,31,26,27,20,22,23,17,25,19
"228",1,1,1,0,0,1,1,0,32,1,2,3,4,5,6,7,8,9,10,11,12,13,14,15,16,17,18,19,20,21,22,23,24,25,26,27,28,29,30,31
"229",0,1,0,1,1,1,0,0,1,2,3,4,5,7,6,9,8,32,30,11,16,31,10,24,12,27,15,14,29,13,28,26,20,25,23,19,18,17,21,22
"230",0,1,0,1,1,1,0,1,1,2,3,4,6,5,7,8,11,9,10,12,14,32,17,15,27,16,31,29,18,30,13,19,20,24,22,28,25,26,23,21
"231",0,0,0,0,0,1,0,0,1,2,3,4,5,6,8,7,10,32,11,30,13,31,9,24,12,22,20,29,21,26,27,28,17,19,25,15,16,23,14,18
"232",1,0,0,1,1,0,0,1,1,2,3,4,5,6,8,7,9,10,11,29,23,32,13,31,12,14,28,15,30,19,27,25,22,26,16,24,17,20,21,18
"233",0,0,1,0,1,1,1,1,1,2,3,4,5,6,8,7,10,9,14,11,12,13,31,16,32,18,29,27,20,30,17,21,15,19,25,24,28,22,23,26
"234",1,1,0,1,1,1,1,1,32,1,2,3,4,5,6,7,8,9,10,11,12,13,14,15,16,17,18,19,20,21,22,23,24,25,26,27,28,29,30,31
"235",1,1,1,0,0,1,0,1,32,1,2,3,4,5,6,7,8,9,10,11,12,13,14,15,16,17,18,19,20,21,22,23,24,25,26,27,28,29,30,31
"236",1,1,1,0,0,1,1,1,32,1,2,3,4,5,6,7,8,9,10,11,12,13,14,15,16,17,18,19,20,21,22,23,24,25,26,27,28,29,30,31
"237",0,1,0,0,1,1,0,1,1,3,2,4,6,7,5,9,8,24,10,12,14,11,13,32,27,18,31,30,28,16,23,26,21,19,29,15,17,22,25,20
"238",1,0,0,1,0,1,1,1,1,2,3,4,6,5,7,10,11,26,8,9,14,18,17,12,15,13,16,32,19,29,31,23,30,21,20,28,22,24,27,25
"239",0,1,1,0,0,0,1,0,1,2,3,5,4,32,6,26,7,10,11,8,31,23,9,30,13,14,12,29,22,18,15,28,16,27,21,24,25,17,19,20
"240",1,1,1,0,0,0,1,1,32,1,2,3,4,5,6,7,8,9,10,11,12,13,14,15,16,17,18,19,20,21,22,23,24,25,26,27,28,29,30,31
"241",1,1,0,0,0,0,0,0,32,1,2,3,4,5,6,7,8,9,10,11,12,13,14,15,16,17,18,19,20,21,22,23,24,25,26,27,28,29,30,31
"242",1,1,0,1,1,0,0,1,32,1,2,3,4,5,6,7,8,9,10,11,12,13,14,15,16,17,18,19,20,21,22,23,24,25,26,27,28,29,30,31
"243",0,1,1,1,0,0,0,1,1,2,4,3,6,5,10,8,7,11,9,18,14,12,13,16,27,15,17,31,20,21,25,30,32,26,22,28,23,24,19,29
"244",1,0,0,0,0,0,0,1,1,2,4,5,11,3,6,7,14,8,10,12,9,13,31,32,16,17,15,30,28,21,19,25,20,29,26,18,23,24,22,27
"245",1,0,0,1,1,1,0,0,1,2,4,3,7,5,6,9,15,10,8,11,14,13,32,29,27,12,30,23,17,24,16,26,31,19,28,21,25,18,20,22
"246",1,1,1,0,0,1,0,1,32,1,2,3,4,5,6,7,8,9,10,11,12,13,14,15,16,17,18,19,20,21,22,23,24,25,26,27,28,29,30,31
"247",0,0,1,1,1,1,1,0,1,2,3,6,4,5,11,8,12,30,7,10,15,9,13,14,32,17,29,23,16,31,20,19,26,27,28,21,24,18,25,22
"248",1,0,0,0,1,1,1,1,1,2,4,3,5,6,8,11,10,7,9,32,13,12,15,14,30,27,24,31,28,26,17,16,20,19,29,18,25,22,21,23
"249",1,0,1,1,1,1,1,1,1,2,3,4,5,8,7,6,9,13,12,10,11,17,21,16,32,14,18,30,27,23,15,29,26,28,20,19,31,22,24,25
"250",1,1,0,1,0,1,1,1,32,1,2,3,4,5,6,7,8,9,10,11,12,13,14,15,16,17,18,19,20,21,22,23,24,25,26,27,28,29,30,31
"251",1,0,1,1,1,0,0,1,2,1,3,4,5,6,11,7,32,12,9,10,8,25,31,29,13,26,15,30,16,14,19,18,28,23,17,24,27,20,22,21
"252",1,1,0,0,0,1,1,1,32,1,2,3,4,5,6,7,8,9,10,11,12,13,14,15,16,17,18,19,20,21,22,23,24,25,26,27,28,29,30,31
"253",0,1,0,1,1,1,1,0,1,3,2,4,5,7,6,9,14,8,10,12,11,15,13,16,30,18,17,27,19,23,21,20,32,25,31,24,22,29,26,28
"254",1,0,1,0,1,0,1,1,1,2,4,3,6,5,8,10,11,7,12,15,9,13,25,30,31,17,23,32,14,16,18,21,19,20,28,27,29,26,24,22
"255",1,1,0,0,1,1,0,0,32,1,2,3,4,5,6,7,8,9,10,11,12,13,14,15,16,17,18,19,20,21,22,23,24,25,26,27,28,29,30,31
"256",0,1,1,1,0,0,0,1,1,2,3,4,5,6,11,7,8,12,9,10,13,14,26,15,19,18,30,21,31,16,20,32,17,22,24,29,27,23,28,25
"257",0,1,1,0,0,0,1,0,1,2,3,4,5,6,18,7,10,8,32,9,11,13,12,16,14,28,27,30,29,31,17,21,23,15,22,19,26,25,24,20
"258",1,0,1,0,1,1,0,1,1,2,4,3,7,5,31,6,8,32,9,29,10,13,11,16,12,20,14,26,30,28,15,18,22,24,23,27,25,17,21,19
"259",0,0,1,0,0,0,1,0,1,2,3,4,6,5,11,7,9,8,10,12,17,19,32,31,29,16,30,13,24,14,28,15,21,27,25,20,18,22,23,26
"260",1,0,1,0,1,1,1,0,1,2,3,6,5,4,11,7,14,15,8,9,31,10,12,19,28,13,17,18,32,16,22,29,30,27,26,25,24,20,21,23
"261",1,0,0,1,0,1,0,0,1,3,2,5,4,6,7,8,9,10,29,17,32,14,19,12,13,30,11,15,26,31,27,25,24,28,16,23,20,22,21,18
"262",1,0,1,0,1,1,1,0,1,2,3,4,6,5,8,7,32,24,10,9,16,22,30,31,13,12,11,15,14,29,21,19,17,20,26,27,28,18,25,23
"263",1,0,1,1,0,1,0,0,1,2,4,3,5,6,9,11,8,7,10,15,32,12,14,29,27,31,17,13,16,30,25,19,21,24,18,26,28,23,20,22
"264",1,0,1,1,1,0,0,1,1,2,3,6,4,5,32,7,8,9,10,12,14,11,16,13,29,20,31,15,30,18,17,27,25,28,22,21,24,19,23,26
"265",0,1,0,0,0,1,0,0,1,2,4,3,5,6,8,7,11,12,13,9,31,32,14,26,23,30,10,19,15,16,29,17,21,25,28,27,24,20,18,22
"266",0,1,1,1,0,1,1,0,2,1,3,4,16,6,5,7,11,8,32,10,31,9,29,30,14,12,13,23,27,15,20,18,17,19,28,21,25,22,26,24
"267",1,1,1,1,0,1,1,0,32,1,2,3,4,5,6,7,8,9,10,11,12,13,14,15,16,17,18,19,20,21,22,23,24,25,26,27,28,29,30,31
"268",1,0,0,0,0,0,1,0,1,2,3,4,5,6,8,7,9,10,16,13,11,12,14,32,31,15,17,19,30,21,23,27,28,18,20,25,29,24,26,22
"269",0,0,0,0,1,1,0,1,2,1,3,6,5,4,7,9,12,8,11,10,15,13,14,16,17,32,31,19,30,28,29,26,18,27,25,20,21,24,22,23
"270",0,0,1,1,1,1,0,1,1,3,2,6,4,8,5,16,14,7,9,11,10,15,17,13,12,32,29,30,24,19,18,28,31,25,21,20,27,26,22,23
"271",1,1,1,1,1,1,1,1,32,1,2,3,4,5,6,7,8,9,10,11,12,13,14,15,16,17,18,19,20,21,22,23,24,25,26,27,28,29,30,31
"272",0,0,1,1,0,1,1,1,1,3,2,6,5,4,11,7,12,9,10,8,30,32,14,13,27,31,23,29,15,19,28,16,18,20,25,17,24,22,21,26
"273",1,0,1,1,0,1,1,1,1,2,3,4,6,5,7,10,8,12,9,31,11,13,27,18,32,23,14,26,17,16,15,19,30,20,24,21,29,25,22,28
"274",0,0,1,1,0,0,0,1,1,2,3,4,5,8,6,11,10,7,9,15,31,12,16,20,13,17,14,32,28,19,24,30,18,27,29,23,26,21,22,25
"275",1,1,0,1,1,0,0,0,32,1,2,3,4,5,6,7,8,9,10,11,12,13,14,15,16,17,18,19,20,21,22,23,24,25,26,27,28,29,30,31
"276",0,1,1,0,1,1,0,0,1,2,4,3,5,6,7,9,8,10,12,11,32,13,15,16,31,27,30,29,28,14,26,22,18,17,24,21,20,23,25,19
"277",1,1,1,0,1,1,1,0,32,1,2,3,4,5,6,7,8,9,10,11,12,13,14,15,16,17,18,19,20,21,22,23,24,25,26,27,28,29,30,31
"278",1,0,0,1,0,1,1,0,1,3,2,7,4,5,6,8,9,11,10,32,13,30,16,14,31,23,12,15,18,26,27,29,25,28,17,21,20,24,22,19
"279",0,0,0,1,1,1,1,0,1,2,3,5,4,7,6,10,16,8,9,28,18,14,29,12,11,15,13,17,32,19,21,31,22,24,26,30,20,27,23,25
"280",1,0,0,0,1,1,0,1,1,2,3,7,6,5,4,11,8,14,9,13,12,16,10,17,15,32,29,31,23,18,19,24,30,28,27,22,21,26,20,25
"281",1,0,1,1,1,0,0,0,1,2,3,5,4,6,7,8,10,13,9,12,11,31,32,15,14,18,26,29,30,17,19,25,28,16,27,20,22,21,24,23
"282",1,1,0,1,0,1,1,0,32,1,2,3,4,5,6,7,8,9,10,11,12,13,14,15,16,17,18,19,20,21,22,23,24,25,26,27,28,29,30,31
"283",1,1,1,0,0,0,1,0,32,1,2,3,4,5,6,7,8,9,10,11,12,13,14,15,16,17,18,19,20,21,22,23,24,25,26,27,28,29,30,31
"284",0,0,1,1,0,1,1,1,1,2,5,4,3,6,8,11,7,9,10,12,15,30,29,32,31,13,28,27,26,14,24,16,17,20,23,25,19,18,21,22
"285",1,1,1,1,0,1,1,1,32,1,2,3,4,5,6,7,8,9,10,11,12,13,14,15,16,17,18,19,20,21,22,23,24,25,26,27,28,29,30,31
"286",0,1,1,1,1,1,1,0,1,2,3,4,5,6,9,7,10,8,29,30,32,23,28,31,27,12,11,13,26,25,24,16,15,21,22,14,19,17,20,18
"287",1,0,0,0,1,1,0,1,1,2,5,4,3,6,8,7,10,9,31,32,11,16,14,13,30,29,28,12,17,26,27,24,21,18,20,25,15,22,19,23
"288",0,1,1,1,1,0,1,1,1,3,2,5,4,6,32,10,9,7,8,28,29,11,13,31,15,12,26,30,14,16,22,20,24,21,25,17,23,27,19,18
"289",1,0,1,1,1,1,0,0,1,2,3,5,4,6,7,8,12,10,9,11,18,31,13,19,14,32,21,17,15,30,16,28,25,24,20,29,23,22,27,26
"290",0,0,0,0,0,1,0,1,1,2,3,4,7,13,6,5,18,9,8,10,12,15,11,14,32,31,26,16,30,17,20,19,23,28,27,22,21,29,24,25
"291",1,0,0,0,0,0,0,0,1,2,5,3,6,4,29,31,7,9,32,8,11,28,30,26,10,24,13,12,25,17,27,15,16,14,21,20,18,19,22,23
"292",0,1,0,0,1,0,1,0,1,2,3,4,5,7,6,8,9,28,15,11,10,32,17,13,12,31,14,19,16,20,18,22,25,21,26,29,30,27,23,24
"293",1,1,0,1,1,1,0,0,32,1,2,3,4,5,6,7,8,9,10,11,12,13,14,15,16,17,18,19,20,21,22,23,24,25,26,27,28,29,30,31
"294",0,0,1,1,0,1,0,0,1,2,3,4,6,5,8,7,10,13,11,12,15,23,9,31,14,20,17,32,16,29,19,26,28,21,24,18,30,25,27,22
"295",0,0,1,1,1,0,0,1,1,2,3,4,6,5,7,9,8,10,13,18,11,27,12,17,15,32,25,31,16,14,20,28,19,29,30,22,24,21,23,26
"296",0,0,1,0,0,0,1,0,1,2,3,4,10,5,6,9,7,12,8,30,13,11,32,14,31,29,17,16,28,15,24,20,18,27,19,25,26,21,22,23
"297",0,0,0,0,0,0,1,0,1,2,7,3,6,4,5,8,14,9,11,10,24,13,29,16,32,12,28,23,19,18,31,17,15,25,30,26,27,22,21,20
"298",0,1,0,0,0,0,1,1,1,2,3,4,7,5,8,20,9,6,11,10,13,12,21,32,14,17,15,16,25,23,22,30,24,27,19,18,31,26,28,29
"299",1,0,0,0,0,1,0,0,1,2,3,4,5,6,11,7,10,8,9,27,13,14,12,17,15,16,22,31,30,19,18,26,21,20,23,32,24,29,28,25
"300",1,1,1,1,0,1,0,1,32,1,2,3,4,5,6,7,8,9,10,11,12,13,14,15,16,17,18,19,20,21,22,23,24,25,26,27,28,29,30,31
"301",0,1,1,0,1,1,1,0,1,2,4,3,5,6,8,12,7,9,21,13,11,16,10,32,19,14,15,31,30,22,27,28,20,18,17,29,24,25,26,23
"302",0,1,1,0,0,0,1,0,1,3,2,4,5,6,9,12,11,7,14,8,10,32,19,17,13,23,18,15,16,31,27,22,25,21,26,20,24,28,29,30
"303",0,1,1,1,0,0,1,1,1,2,3,4,5,7,6,8,10,9,14,13,11,12,15,31,18,20,21,16,17,19,32,25,23,26,30,28,24,29,27,22
"304",0,1,1,1,0,0,0,1,1,2,3,4,5,6,8,7,9,28,12,11,10,17,13,31,14,32,16,21,30,23,15,19,18,29,27,26,24,20,25,22
"305",1,0,1,1,0,0,0,0,1,2,3,4,5,6,11,8,7,15,32,10,9,12,13,28,14,18,27,17,31,29,16,19,30,21,20,23,26,22,25,24
"306",1,0,0,0,0,0,0,1,2,1,3,4,5,6,8,7,10,32,9,12,14,30,27,23,31,29,16,11,28,13,15,19,17,26,24,20,18,21,25,22
"307",0,0,1,0,0,1,0,0,1,2,4,3,6,5,7,14,8,9,17,11,10,16,13,15,12,18,19,32,20,31,23,21,29,28,30,26,24,27,22,25
"308",1,0,1,0,1,0,1,0,1,2,3,4,7,5,6,9,11,21,8,26,32,10,31,30,28,13,14,12,17,16,27,24,15,19,29,18,20,25,22,23
"309",1,0,0,1,1,0,0,0,1,2,3,4,6,5,8,7,10,32,9,11,31,12,21,13,15,24,14,20,30,18,22,16,19,27,17,25,23,28,26,29
"310",1,0,0,0,1,1,1,0,1,2,4,3,5,13,6,8,14,7,9,19,11,10,16,15,12,32,31,22,30,29,18,17,25,26,23,20,21,28,24,27
"311",1,0,1,1,1,0,1,1,1,3,2,4,5,8,7,6,11,10,9,12,13,15,30,14,16,32,31,18,19,17,22,27,28,24,23,20,29,21,26,25
"312",0,1,1,0,0,0,1,0,1,2,3,4,5,6,8,9,7,30,15,12,10,13,14,11,32,31,22,17,24,16,29,18,26,23,20,28,21,27,19,25
"313",0,1,1,0,0,1,1,1,1,2,3,5,4,7,6,8,9,10,11,16,14,12,15,13,17,26,18,27,19,20,24,22,23,32,28,31,30,21,29,25
"314",0,1,0,0,0,1,1,0,1,2,4,3,5,6,7,8,9,12,10,32,11,13,22,17,30,14,31,20,19,15,16,18,21,29,28,23,24,25,26,27
"315",1,1,1,1,0,1,1,1,32,1,2,3,4,5,6,7,8,9,10,11,12,13,14,15,16,17,18,19,20,21,22,23,24,25,26,27,28,29,30,31
"316",0,1,0,0,0,0,0,1,1,2,3,7,4,5,11,6,9,8,30,12,29,32,10,14,27,19,15,24,31,13,20,16,28,18,22,26,21,25,23,17
"317",1,0,1,0,0,1,0,1,1,2,4,3,5,6,8,9,14,32,7,12,10,18,11,15,17,16,13,29,19,31,25,21,23,27,30,22,20,26,28,24
"318",0,0,0,0,0,1,0,1,1,3,2,4,5,6,7,12,8,11,16,10,15,21,13,9,14,31,18,32,23,19,22,17,28,20,24,26,30,29,25,27
"319",1,1,0,0,0,1,1,0,32,1,2,3,4,5,6,7,8,9,10,11,12,13,14,15,16,17,18,19,20,21,22,23,24,25,26,27,28,29,30,31
"320",1,0,0,0,1,1,0,1,2,1,3,6,5,4,7,8,32,9,23,31,10,29,11,30,12,13,19,28,16,14,15,17,21,27,26,18,24,25,22,20
"321",0,1,1,1,0,1,0,1,1,2,3,4,5,6,7,9,8,32,16,18,13,12,10,11,22,15,14,25,17,30,19,31,29,21,26,20,24,28,23,27
"322",1,0,1,1,0,0,0,0,1,2,3,4,5,6,7,8,22,9,10,11,32,12,17,30,14,13,29,24,18,31,15,21,16,28,26,19,20,23,25,27
"323",0,0,1,1,1,1,1,0,1,2,3,5,4,7,6,8,9,11,12,10,14,15,13,32,16,31,30,21,29,20,19,17,22,23,27,28,18,26,25,24
"324",1,0,0,1,0,0,1,0,1,2,3,6,4,5,10,7,9,17,13,8,11,12,16,15,32,14,29,19,28,31,30,18,22,21,26,20,27,24,23,25
"325",0,0,1,0,0,1,1,1,1,2,4,3,5,6,8,7,11,9,12,13,16,10,14,15,32,31,24,18,17,26,20,23,25,22,19,30,21,27,28,29
"326",0,0,1,0,0,1,0,0,1,2,3,5,4,9,6,7,8,10,14,12,11,13,31,16,30,32,17,18,15,19,21,24,29,28,25,27,22,20,23,26
"327",0,1,1,1,1,1,0,0,1,2,5,3,6,4,9,7,8,10,12,19,15,11,16,13,32,14,31,17,23,30,18,29,28,22,20,21,25,26,24,27
"328",0,0,1,0,0,0,0,1,1,2,3,4,7,5,6,9,10,11,31,12,8,32,30,23,26,13,14,20,29,27,22,15,28,19,17,21,24,18,16,25
"329",1,1,0,0,0,1,1,0,32,1,2,3,4,5,6,7,8,9,10,11,12,13,14,15,16,17,18,19,20,21,22,23,24,25,26,27,28,29,30,31
"330",0,0,0,0,1,0,1,0,1,3,2,4,5,6,8,7,9,10,11,12,15,16,14,13,32,20,31,19,17,18,25,24,26,30,27,22,21,28,23,29
"331",0,0,0,1,0,1,1,1,1,2,3,4,5,6,8,7,32,13,28,10,29,30,31,14,9,11,12,26,18,27,15,25,16,22,23,24,19,17,20,21
"332",1,0,1,0,1,0,0,0,1,2,3,5,4,6,8,10,19,7,9,32,11,15,18,26,24,30,12,28,13,17,31,16,29,14,27,23,22,21,20,25
"333",1,1,0,1,1,1,0,0,32,1,2,3,4,5,6,7,8,9,10,11,12,13,14,15,16,17,18,19,20,21,22,23,24,25,26,27,28,29,30,31
"334",0,1,0,0,1,1,0,0,1,2,3,4,5,7,10,6,8,9,12,13,11,15,14,26,16,32,22,18,29,17,19,27,30,21,31,20,25,24,23,28
"335",0,0,1,0,1,0,1,0,1,2,3,5,4,7,6,8,9,10,29,13,31,11,12,26,32,30,14,20,28,16,17,19,24,25,27,15,23,18,22,21
"336",0,1,0,1,1,0,1,1,1,2,3,4,5,6,7,12,8,9,10,11,16,13,32,31,28,14,29,24,30,19,15,26,25,17,27,22,23,18,21,20
"337",0,0,1,1,1,0,0,0,1,2,4,3,5,6,7,27,8,12,9,10,21,11,29,28,32,30,31,18,14,13,19,26,25,15,17,23,24,16,20,22
"338",0,1,0,1,0,1,0,1,1,2,3,4,5,8,7,6,11,10,12,9,17,19,16,29,13,15,18,30,14,32,22,26,28,20,31,24,23,25,21,27
"339",1,0,1,0,1,1,1,0,1,2,4,3,6,5,32,7,25,8,13,10,9,11,15,12,14,29,16,31,17,20,30,28,27,22,19,21,18,23,24,26
"340",0,0,1,0,1,1,1,0,2,1,3,4,5,6,10,7,8,12,13,9,11,32,14,20,31,22,18,30,15,16,17,27,29,19,23,25,26,24,28,21
"341",1,0,1,1,1,1,1,0,2,1,5,3,4,8,6,10,7,9,15,12,30,11,14,32,13,17,24,18,20,25,16,21,31,19,27,22,26,23,29,28
"342",1,1,1,1,0,1,1,0,32,1,2,3,4,5,6,7,8,9,10,11,12,13,14,15,16,17,18,19,20,21,22,23,24,25,26,27,28,29,30,31
"343",0,0,0,0,1,0,1,0,1,2,3,4,5,7,9,6,8,32,31,10,12,15,11,19,14,13,23,29,20,30,16,18,17,22,28,25,26,24,27,21
"344",0,1,0,1,0,1,0,1,1,3,2,4,5,6,7,11,8,32,14,12,30,9,10,31,28,26,13,27,29,15,16,17,21,19,18,24,20,23,22,25
"345",0,1,0,1,0,1,0,1,2,1,4,3,5,6,10,7,14,8,9,12,11,32,30,26,29,13,17,28,31,22,16,15,25,24,18,20,27,21,23,19
"346",0,0,0,0,1,1,1,1,1,3,2,4,5,9,6,7,10,8,11,32,13,12,31,28,29,21,15,30,17,20,18,14,27,19,16,22,23,26,25,24
"347",0,0,0,1,1,0,1,1,1,2,3,4,5,6,9,7,12,8,30,14,11,10,32,20,31,15,16,13,27,28,29,17,25,18,19,22,23,21,26,24
"348",0,1,0,0,1,1,1,0,1,2,4,3,5,6,9,13,7,32,8,31,14,11,10,12,30,15,17,29,19,18,25,16,21,27,28,23,20,22,26,24
"349",1,0,1,1,1,0,0,0,1,2,3,4,7,5,8,9,6,21,11,30,10,14,31,12,13,16,15,27,17,32,23,18,28,20,29,26,19,25,24,22
"350",0,0,0,0,0,0,0,1,1,2,3,4,13,6,5,10,7,8,9,14,12,15,16,17,11,30,32,18,31,19,21,29,23,28,20,27,25,22,24,26
"351",1,0,1,0,0,1,0,1,1,2,3,4,5,6,9,7,32,8,10,11,15,14,17,12,16,13,28,22,18,31,20,21,19,24,30,29,27,25,23,26
"352",0,0,1,0,1,1,0,1,2,1,3,4,5,11,6,27,10,8,9,28,7,14,13,12,18,16,32,15,30,19,31,17,26,23,20,24,21,29,25,22
"353",1,0,1,1,1,0,1,0,1,2,4,3,5,11,6,32,9,10,7,23,8,14,21,22,29,12,15,13,16,28,18,31,26,20,17,19,30,25,24,27
"354",0,0,0,0,0,1,1,1,2,1,3,5,4,6,7,14,8,9,10,12,11,13,15,31,32,28,26,30,29,20,17,27,16,18,25,21,19,23,24,22
"355",0,1,0,1,1,0,1,0,1,2,3,4,5,7,6,8,10,12,9,11,15,14,29,28,20,31,13,17,16,32,30,26,19,24,25,23,27,18,21,22
"356",0,0,1,1,0,1,0,0,1,3,2,4,5,7,6,8,10,15,9,11,13,32,12,18,17,14,31,20,29,23,16,30,28,19,27,24,22,21,25,26
"357",0,0,1,0,0,1,1,1,1,2,4,3,5,6,9,7,8,10,14,32,11,12,16,13,15,17,30,31,18,27,23,19,25,26,28,20,29,21,22,24
"358",1,1,1,0,0,0,1,1,32,1,2,3,4,5,6,7,8,9,10,11,12,13,14,15,16,17,18,19,20,21,22,23,24,25,26,27,28,29,30,31
"359",0,1,0,0,1,0,0,1,1,2,5,3,4,6,8,7,11,9,12,15,10,32,13,14,26,27,31,16,28,29,20,30,23,18,19,17,24,25,21,22
"360",0,1,1,1,1,0,1,1,1,2,3,4,6,7,5,9,13,11,8,18,32,10,12,31,30,27,25,29,28,15,22,14,26,23,16,24,19,17,21,20
"361",1,0,0,1,0,1,0,0,1,2,4,3,5,7,6,8,10,13,12,9,11,20,15,31,17,14,30,32,28,16,22,21,19,27,18,29,24,23,26,25
"362",1,1,0,1,0,0,0,1,32,1,2,3,4,5,6,7,8,9,10,11,12,13,14,15,16,17,18,19,20,21,22,23,24,25,26,27,28,29,30,31
"363",1,0,0,1,1,0,1,0,2,1,3,4,5,6,20,7,8,9,10,11,12,15,16,32,21,17,31,30,14,28,13,22,25,26,18,19,27,23,29,24
"364",1,1,0,0,1,1,0,1,32,1,2,3,4,5,6,7,8,9,10,11,12,13,14,15,16,17,18,19,20,21,22,23,24,25,26,27,28,29,30,31
"365",1,0,0,0,1,0,0,0,1,3,2,4,5,7,8,6,10,11,9,30,31,12,19,14,32,27,13,15,17,16,18,28,29,20,24,21,23,22,26,25
"366",1,1,1,0,1,1,1,0,32,1,2,3,4,5,6,7,8,9,10,11,12,13,14,15,16,17,18,19,20,21,22,23,24,25,26,27,28,29,30,31
"367",1,0,0,0,0,1,1,0,1,2,3,4,5,6,32,7,8,9,11,10,31,14,13,12,30,17,15,23,18,16,20,29,24,28,27,25,22,26,19,21
"368",0,1,0,0,0,0,1,0,1,2,3,5,4,6,7,9,8,10,12,11,20,13,14,17,15,32,31,16,18,19,21,30,25,22,27,29,26,28,23,24
"369",1,0,1,1,1,0,1,0,1,2,3,4,5,6,9,7,29,8,13,12,10,11,14,31,25,22,32,20,28,18,16,30,15,23,17,19,21,26,27,24
"370",0,0,0,0,0,0,0,0,1,3,2,6,5,4,8,7,14,10,9,18,32,11,30,31,17,24,12,13,20,15,16,29,28,25,22,19,23,26,27,21
"371",0,1,0,0,0,1,0,0,1,2,3,4,5,6,7,8,11,32,9,10,15,20,29,27,31,14,12,13,16,17,30,19,28,18,21,25,26,24,22,23
"372",0,1,0,0,0,1,0,0,1,2,3,4,5,8,7,6,11,9,10,12,13,15,16,18,17,14,19,29,32,31,27,30,25,26,28,20,24,21,23,22
"373",1,0,0,0,1,1,1,1,1,2,4,3,5,6,7,9,8,10,13,11,15,32,12,14,18,17,19,31,27,20,21,26,24,16,28,30,23,25,29,22
"374",1,1,0,0,0,1,0,0,32,1,2,3,4,5,6,7,8,9,10,11,12,13,14,15,16,17,18,19,20,21,22,23,24,25,26,27,28,29,30,31
"375",0,0,0,1,0,1,0,0,1,2,3,4,5,6,7,12,8,11,10,9,13,14,31,15,16,32,25,22,17,24,18,26,30,19,21,20,27,29,28,23
"376",1,1,0,1,1,1,0,0,32,1,2,3,4,5,6,7,8,9,10,11,12,13,14,15,16,17,18,19,20,21,22,23,24,25,26,27,28,29,30,31
"377",1,0,1,1,0,0,0,0,1,2,5,4,3,6,7,9,32,17,30,31,8,29,27,10,13,21,11,28,22,23,16,26,25,18,14,12,15,24,19,20
"378",0,0,1,1,1,1,1,0,1,2,3,4,5,7,10,8,6,9,32,11,12,14,23,17,31,29,30,19,13,25,27,26,28,15,24,16,22,18,20,21
"379",1,1,0,0,0,1,0,0,32,1,2,3,4,5,6,7,8,9,10,11,12,13,14,15,16,17,18,19,20,21,22,23,24,25,26,27,28,29,30,31
"380",1,0,0,1,1,1,1,1,1,2,3,4,5,8,6,10,9,11,13,7,15,12,22,32,31,14,17,30,16,28,26,29,19,18,27,20,21,25,24,23
"381",0,1,0,0,0,0,0,0,1,3,2,4,7,6,5,8,10,18,11,12,9,16,13,14,17,20,22,32,15,30,31,19,23,27,28,24,21,29,26,25
"382",1,1,0,0,0,0,0,0,32,1,2,3,4,5,6,7,8,9,10,11,12,13,14,15,16,17,18,19,20,21,22,23,24,25,26,27,28,29,30,31
"383",0,1,1,0,0,0,1,0,1,3,2,9,5,4,8,7,6,10,13,32,14,11,31,19,29,23,12,15,30,21,28,24,26,16,27,17,25,18,20,22
"384",0,0,0,0,1,0,1,1,1,2,3,4,5,6,7,31,8,13,9,10,30,15,32,12,19,11,28,29,18,14,16,27,26,17,20,24,21,23,25,22
"385",0,1,1,1,0,1,1,0,1,2,3,4,5,6,7,10,8,17,9,32,12,14,22,19,15,11,31,13,23,16,18,30,24,20,27,29,25,26,21,28
"386",0,1,1,0,0,1,1,1,1,2,4,3,5,6,7,9,8,11,10,12,32,29,16,19,28,14,24,15,22,13,20,17,18,30,26,25,27,23,31,21
"387",1,0,1,0,0,0,1,0,1,2,6,3,5,4,7,9,8,27,32,23,29,31,10,13,11,30,16,14,19,12,28,25,15,17,22,24,20,21,18,26
"388",1,1,1,1,0,1,1,1,32,1,2,3,4,5,6,7,8,9,10,11,12,13,14,15,16,17,18,19,20,21,22,23,24,25,26,27,28,29,30,31
"389",0,0,0,0,0,0,1,1,2,1,3,5,4,7,8,6,12,9,10,11,18,13,14,19,16,31,15,17,32,20,22,23,29,21,28,24,27,25,26,30
"390",1,1,0,0,1,1,1,1,32,1,2,3,4,5,6,7,8,9,10,11,12,13,14,15,16,17,18,19,20,21,22,23,24,25,26,27,28,29,30,31
"391",0,0,0,1,0,1,0,0,1,2,4,3,5,9,8,6,7,10,13,11,15,14,16,12,32,31,18,17,19,20,22,23,21,30,26,27,25,29,24,28
"392",0,0,1,1,0,0,0,0,1,2,3,5,6,4,7,29,32,9,10,8,14,13,17,12,16,11,20,19,15,30,27,31,18,22,24,25,26,21,28,23
"393",1,0,1,0,1,0,0,1,1,3,5,4,2,6,11,7,10,8,31,12,32,9,14,15,30,13,16,19,24,26,17,21,18,29,28,22,23,27,20,25
"394",1,0,0,1,0,1,1,1,1,2,4,3,5,7,6,8,25,12,11,31,32,9,10,13,14,17,15,16,30,18,28,19,26,20,21,29,23,27,22,24
"395",0,1,0,1,1,0,0,1,1,2,3,4,7,5,6,8,9,10,32,11,31,29,13,30,28,14,12,27,17,25,22,24,23,16,18,20,26,15,21,19
"396",1,0,0,0,1,1,1,1,1,2,3,6,5,4,8,11,7,10,9,14,12,23,13,31,15,16,24,29,28,17,32,18,21,26,19,22,27,30,20,25
"397",1,1,0,1,0,0,1,1,32,1,2,3,4,5,6,7,8,9,10,11,12,13,14,15,16,17,18,19,20,21,22,23,24,25,26,27,28,29,30,31
"398",1,0,0,0,0,1,1,1,1,2,3,4,5,6,11,7,8,9,10,12,14,32,31,13,16,29,22,27,15,30,24,23,21,18,17,25,19,26,20,28
"399",0,1,0,0,0,0,0,0,1,2,3,5,4,6,8,7,9,10,32,11,12,22,30,13,27,31,15,26,16,28,14,21,19,29,17,24,18,20,25,23
"400",1,0,0,0,1,0,1,1,2,1,4,3,5,6,8,31,9,7,12,10,14,11,16,13,15,17,32,30,18,22,19,27,25,24,20,21,23,28,29,26
"401",1,1,1,0,1,1,1,1,32,1,2,3,4,5,6,7,8,9,10,11,12,13,14,15,16,17,18,19,20,21,22,23,24,25,26,27,28,29,30,31
"402",0,0,1,0,0,0,0,0,1,2,3,5,4,6,7,8,9,10,31,32,11,12,15,28,29,13,17,26,30,14,22,23,16,27,20,21,18,24,19,25
"403",1,1,1,1,1,1,1,1,32,1,2,3,4,5,6,7,8,9,10,11,12,13,14,15,16,17,18,19,20,21,22,23,24,25,26,27,28,29,30,31
"404",1,1,1,0,0,1,1,1,32,1,2,3,4,5,6,7,8,9,10,11,12,13,14,15,16,17,18,19,20,21,22,23,24,25,26,27,28,29,30,31
"405",1,0,0,0,1,0,1,0,1,2,3,4,5,6,30,8,14,7,13,12,11,32,10,31,9,16,29,17,19,18,27,28,15,26,25,24,23,22,21,20
"406",1,0,1,0,1,0,0,0,1,2,3,4,5,6,9,8,7,11,12,13,15,14,10,32,16,31,30,17,29,19,27,28,26,25,23,18,20,22,24,21
"407",0,1,1,1,1,1,1,0,1,2,3,4,5,6,9,8,7,10,31,12,13,11,14,32,24,23,30,28,16,26,25,17,29,15,18,19,27,20,22,21
"408",0,1,0,1,0,1,0,1,1,2,5,3,4,7,6,8,9,10,12,13,11,30,26,32,16,24,25,14,15,31,27,18,29,20,19,17,28,22,21,23
"409",1,1,1,1,1,0,0,0,32,1,2,3,4,5,6,7,8,9,10,11,12,13,14,15,16,17,18,19,20,21,22,23,24,25,26,27,28,29,30,31
"410",1,1,1,1,1,0,1,0,32,1,2,3,4,5,6,7,8,9,10,11,12,13,14,15,16,17,18,19,20,21,22,23,24,25,26,27,28,29,30,31
"411",1,0,1,0,0,1,1,1,1,2,3,5,4,6,31,20,7,8,9,28,26,27,32,13,11,29,30,19,10,12,17,25,24,14,16,15,23,22,21,18
"412",1,0,0,1,1,0,1,1,1,2,3,4,10,5,7,32,6,27,31,9,8,30,13,15,12,11,28,29,25,16,14,26,18,19,17,22,24,21,23,20
"413",1,1,1,1,1,1,0,1,32,1,2,3,4,5,6,7,8,9,10,11,12,13,14,15,16,17,18,19,20,21,22,23,24,25,26,27,28,29,30,31
"414",1,1,0,0,1,0,0,0,32,1,2,3,4,5,6,7,8,9,10,11,12,13,14,15,16,17,18,19,20,21,22,23,24,25,26,27,28,29,30,31
"415",1,0,1,0,1,1,1,1,1,2,3,4,6,9,5,8,7,15,11,25,12,10,13,19,31,32,17,16,23,14,18,21,27,30,20,22,28,29,24,26
"416",1,1,1,0,0,1,1,0,32,1,2,3,4,5,6,7,8,9,10,11,12,13,14,15,16,17,18,19,20,21,22,23,24,25,26,27,28,29,30,31
"417",1,0,0,1,0,0,1,0,1,2,3,4,5,7,10,6,8,9,31,11,14,12,13,16,32,22,30,25,23,15,19,29,28,18,17,27,26,20,21,24
"418",1,1,1,1,1,1,1,0,32,1,2,3,4,5,6,7,8,9,10,11,12,13,14,15,16,17,18,19,20,21,22,23,24,25,26,27,28,29,30,31
"419",0,1,1,1,1,0,1,1,1,2,3,4,5,7,6,9,8,10,11,12,13,14,16,15,31,18,17,19,30,32,22,28,21,24,29,20,27,23,25,26
"420",1,0,0,0,0,0,1,0,1,2,3,4,5,6,8,7,9,18,10,13,11,14,12,15,32,20,17,16,21,26,22,19,28,25,31,24,27,23,29,30
"421",0,0,1,0,1,0,0,0,1,2,3,4,5,8,6,9,7,13,15,11,10,30,12,14,32,31,23,17,26,28,18,29,27,19,16,25,24,20,22,21
"422",1,1,0,0,0,0,1,1,32,1,2,3,4,5,6,7,8,9,10,11,12,13,14,15,16,17,18,19,20,21,22,23,24,25,26,27,28,29,30,31
"423",0,1,1,0,1,1,1,1,1,2,3,4,5,7,6,9,8,11,10,12,32,27,15,29,13,28,30,31,24,20,14,16,25,17,21,19,18,23,22,26
"424",0,0,0,0,0,1,1,0,2,1,3,5,4,6,7,9,11,8,19,10,31,20,12,32,13,14,18,25,16,17,15,29,24,30,27,28,26,22,21,23
"425",0,1,1,0,0,1,1,1,1,2,4,3,10,5,8,14,6,7,9,11,16,12,13,32,15,29,31,17,19,21,18,25,20,30,24,27,22,28,23,26
"426",0,1,1,1,0,0,0,0,1,3,2,4,6,5,7,8,9,11,10,13,14,12,15,29,32,26,17,16,19,31,20,23,30,27,18,28,22,24,21,25
"427",0,1,1,0,0,0,0,1,1,3,2,4,6,9,5,8,12,7,13,11,10,31,28,18,32,19,29,30,21,22,16,14,15,27,17,23,26,24,20,25
"428",0,1,0,1,1,1,0,1,1,2,3,5,4,6,8,7,9,16,10,12,15,11,32,13,27,14,31,30,17,19,18,24,20,29,28,25,22,26,21,23
"429",1,1,0,0,0,0,1,0,32,1,2,3,4,5,6,7,8,9,10,11,12,13,14,15,16,17,18,19,20,21,22,23,24,25,26,27,28,29,30,31
"430",0,1,1,0,1,0,1,0,1,2,4,3,5,7,6,8,12,11,9,10,27,20,14,16,21,18,13,32,15,23,17,19,29,26,24,22,25,30,31,28
"431",0,1,0,1,0,1,1,1,1,2,3,4,5,7,8,6,10,9,14,11,13,12,15,16,30,21,28,17,29,32,18,31,20,26,22,27,25,24,19,23
"432",1,1,0,0,0,0,1,0,32,1,2,3,4,5,6,7,8,9,10,11,12,13,14,15,16,17,18,19,20,21,22,23,24,25,26,27,28,29,30,31
"433",0,0,0,1,0,0,1,1,1,2,3,4,6,5,7,8,32,9,11,13,12,10,15,14,30,27,29,16,17,26,31,28,18,25,19,23,21,20,24,22
"434",1,0,0,1,1,1,0,0,1,2,3,4,6,5,7,8,10,9,18,14,12,11,31,32,17,20,13,21,15,22,19,24,30,23,16,28,25,27,26,29
"435",0,0,0,0,1,1,0,0,1,2,3,4,5,9,8,6,7,27,11,10,31,29,30,26,32,17,28,13,12,15,23,14,16,18,22,24,25,19,21,20
"436",0,1,1,0,0,1,0,1,1,2,3,4,5,6,8,7,16,9,10,29,14,12,13,11,32,15,30,28,31,18,26,20,27,24,23,25,17,21,22,19
"437",0,0,0,1,1,0,1,0,1,2,3,4,5,8,6,7,9,32,11,31,13,30,10,17,16,12,29,14,25,27,15,24,28,26,21,23,20,18,19,22
"438",0,0,0,0,0,1,0,1,1,2,3,4,5,6,7,8,9,10,16,32,11,12,13,15,30,18,14,28,31,26,29,25,19,24,22,21,17,27,20,23
"439",0,1,0,1,0,1,0,1,1,2,3,5,4,7,10,6,9,8,16,12,19,11,15,13,30,14,23,18,29,32,17,27,31,22,28,25,26,24,21,20
"440",1,0,0,1,1,1,0,0,1,2,3,6,4,5,7,8,10,9,11,23,32,12,13,17,16,15,14,24,31,18,19,25,26,22,20,21,29,28,30,27
"441",0,1,1,1,0,0,1,1,1,2,3,4,6,5,9,7,8,25,11,12,13,10,32,24,14,15,28,31,17,18,30,16,20,21,19,22,29,23,27,26
"442",0,0,1,0,0,1,1,1,1,3,2,4,5,6,8,7,10,11,9,30,31,13,12,16,29,23,32,17,19,18,14,26,28,15,20,27,22,21,24,25
"443",1,1,1,1,0,1,1,1,32,1,2,3,4,5,6,7,8,9,10,11,12,13,14,15,16,17,18,19,20,21,22,23,24,25,26,27,28,29,30,31
"444",0,1,0,1,1,0,1,0,1,2,3,5,4,6,15,8,10,9,7,13,31,11,12,16,19,18,32,17,20,27,14,30,29,24,23,26,28,22,21,25
"445",1,1,0,1,1,0,0,1,32,1,2,3,4,5,6,7,8,9,10,11,12,13,14,15,16,17,18,19,20,21,22,23,24,25,26,27,28,29,30,31
"446",1,0,0,1,1,0,0,0,1,2,3,5,7,4,6,10,8,17,9,16,32,29,12,11,14,31,13,15,23,24,22,30,19,21,18,25,27,20,26,28
"447",1,0,0,1,1,0,1,0,1,2,3,4,5,6,10,8,7,9,11,19,12,16,13,14,31,32,20,17,15,30,29,21,18,22,27,24,28,25,26,23
"448",1,1,1,1,1,0,1,0,32,1,2,3,4,5,6,7,8,9,10,11,12,13,14,15,16,17,18,19,20,21,22,23,24,25,26,27,28,29,30,31
"449",0,0,1,1,1,0,0,0,1,2,3,4,5,6,8,9,7,10,32,26,11,30,25,15,24,12,13,14,29,23,27,31,17,28,18,16,22,21,19,20
"450",1,0,0,0,0,0,1,1,1,2,3,4,5,6,7,8,11,9,12,10,32,13,20,15,14,19,16,31,18,30,17,25,26,22,29,28,24,23,21,27
"451",1,0,0,0,0,1,0,1,1,5,2,4,3,7,6,10,8,9,32,13,11,31,30,14,18,28,12,27,19,16,29,21,15,23,26,22,25,17,20,24
"452",1,0,0,0,1,1,0,0,1,4,5,3,2,6,8,7,15,13,9,32,11,10,17,29,31,12,22,18,28,30,14,19,16,23,24,26,27,21,20,25
"453",0,1,0,0,1,1,0,0,1,2,3,4,5,6,7,8,9,11,12,13,10,32,30,31,15,29,19,27,14,26,17,16,28,22,18,25,20,23,24,21
"454",0,1,1,1,1,1,1,0,1,2,3,5,4,6,7,10,9,13,8,14,12,32,11,20,15,17,27,16,30,19,22,23,31,18,21,29,26,24,25,28
"455",1,0,1,1,0,1,0,1,1,2,3,4,5,6,7,9,8,12,29,31,10,11,32,28,30,15,26,18,14,27,13,17,25,21,16,23,22,20,24,19
"456",1,1,0,0,0,0,1,1,32,1,2,3,4,5,6,7,8,9,10,11,12,13,14,15,16,17,18,19,20,21,22,23,24,25,26,27,28,29,30,31
"457",1,1,0,0,0,0,1,1,32,1,2,3,4,5,6,7,8,9,10,11,12,13,14,15,16,17,18,19,20,21,22,23,24,25,26,27,28,29,30,31
"458",0,0,0,0,0,1,1,0,2,1,3,4,5,8,7,6,13,9,18,11,10,15,14,12,19,17,30,16,27,20,22,23,26,29,31,32,24,21,28,25
"459",0,0,0,0,0,1,0,0,1,3,2,5,4,6,7,8,10,9,13,31,12,15,11,14,30,32,19,16,17,18,22,29,21,28,20,26,24,27,25,23
"460",0,0,1,0,1,0,0,0,1,2,3,4,9,5,6,8,7,12,31,15,30,10,21,32,13,11,16,14,17,28,29,25,27,18,19,24,26,20,22,23
"461",1,1,0,0,0,1,0,1,32,1,2,3,4,5,6,7,8,9,10,11,12,13,14,15,16,17,18,19,20,21,22,23,24,25,26,27,28,29,30,31
"462",0,1,0,1,0,0,1,1,1,2,4,3,5,7,6,8,9,14,10,12,16,11,32,13,30,22,15,20,25,19,29,24,21,31,18,23,17,28,26,27
"463",0,0,1,1,0,1,0,0,2,1,3,5,4,6,7,9,8,11,10,12,25,15,32,13,14,31,19,16,17,22,21,30,18,20,24,28,23,27,29,26
"464",0,1,1,1,1,1,1,0,1,2,3,5,4,7,6,11,32,8,10,9,12,17,20,13,16,15,14,18,21,19,25,22,31,28,29,30,24,23,27,26
"465",0,1,1,1,1,0,0,1,1,2,4,3,5,6,11,7,10,8,13,32,9,23,12,26,31,14,30,27,16,28,15,18,24,17,21,25,29,22,20,19
"466",0,1,1,0,1,1,1,0,1,2,3,6,4,7,5,8,12,9,10,11,19,20,15,14,13,18,22,21,16,17,31,32,23,24,29,27,30,25,28,26
"467",0,0,0,0,0,1,0,1,1,2,3,4,5,8,10,6,7,9,11,12,13,32,15,14,31,21,29,28,16,18,22,17,24,19,30,23,27,20,25,26
"468",1,0,1,0,1,0,1,0,2,1,3,5,4,6,7,8,12,9,20,15,31,10,17,11,32,19,30,13,28,18,14,16,21,22,23,25,29,24,27,26
"469",0,1,0,0,1,1,1,1,1,2,3,4,6,5,7,32,26,29,31,10,30,11,8,25,9,12,18,28,27,22,23,17,24,20,19,16,21,14,15,13
"470",1,1,0,0,1,0,1,0,32,1,2,3,4,5,6,7,8,9,10,11,12,13,14,15,16,17,18,19,20,21,22,23,24,25,26,27,28,29,30,31
"471",1,0,1,1,0,0,1,0,1,2,3,5,6,4,9,12,10,8,31,7,14,11,16,32,15,13,30,18,19,20,17,29,22,23,28,21,25,27,24,26
"472",0,1,0,1,0,0,1,0,1,2,3,4,9,8,5,6,7,12,32,13,11,10,17,31,30,14,16,19,25,29,15,27,23,18,22,28,26,20,24,21
"473",0,0,0,1,0,1,0,0,1,2,3,5,4,6,7,31,8,13,16,15,10,9,26,32,12,11,14,29,28,30,27,23,25,17,21,18,19,20,22,24
"474",0,1,1,1,1,0,1,1,1,2,3,4,5,6,12,7,9,11,8,10,14,18,19,32,15,13,29,17,16,31,30,22,28,27,21,26,23,24,20,25
"475",0,1,1,1,0,1,0,1,1,2,3,4,5,6,9,12,8,7,10,11,21,16,20,17,13,15,24,14,31,32,18,27,19,28,29,30,25,22,26,23
"476",1,1,1,0,1,0,1,0,32,1,2,3,4,5,6,7,8,9,10,11,12,13,14,15,16,17,18,19,20,21,22,23,24,25,26,27,28,29,30,31
"477",1,0,0,0,1,0,1,0,1,2,3,4,6,5,7,10,32,15,9,8,11,12,13,31,18,17,14,30,20,16,22,19,21,29,28,24,25,23,27,26
"478",1,0,0,1,1,0,0,1,1,2,5,3,4,6,8,9,30,7,12,11,10,32,17,14,31,13,15,24,21,25,27,29,28,22,19,23,18,16,26,20
"479",0,0,1,1,0,1,1,0,1,2,3,4,7,6,9,10,5,8,11,32,12,13,20,15,14,17,16,18,27,30,19,25,31,26,21,29,24,22,23,28
"480",1,0,1,1,1,1,1,0,1,2,3,4,5,12,6,9,8,7,13,32,11,10,21,30,14,31,23,29,18,22,15,24,16,17,28,27,19,20,26,25
"481",0,1,0,1,1,0,0,0,1,2,3,5,4,6,7,9,8,12,11,10,29,15,13,14,31,32,16,18,30,20,19,21,25,23,17,28,26,27,24,22
"482",0,0,1,0,1,0,1,0,1,2,3,4,6,7,5,10,8,31,9,17,13,32,12,11,15,14,30,16,28,18,20,29,21,26,19,27,24,22,23,25
"483",1,0,1,0,1,1,0,1,1,3,2,4,5,6,7,14,11,9,8,15,12,10,13,25,16,17,32,18,31,20,27,26,19,21,24,22,30,29,28,23
"484",0,1,1,1,1,0,0,1,1,2,3,5,4,6,11,10,7,9,8,32,18,31,17,14,20,30,13,12,15,29,24,16,19,23,21,25,26,22,28,27
"485",0,0,0,1,1,0,0,1,1,2,4,3,5,6,7,8,9,12,10,13,18,14,28,11,32,29,31,15,17,20,19,21,16,30,23,26,25,27,24,22
"486",1,1,1,1,0,1,1,1,32,1,2,3,4,5,6,7,8,9,10,11,12,13,14,15,16,17,18,19,20,21,22,23,24,25,26,27,28,29,30,31
"487",0,1,0,1,0,0,0,0,1,2,3,4,7,5,6,9,13,8,10,14,32,12,30,16,21,11,24,26,31,15,28,17,22,29,20,19,18,23,27,25
"488",0,1,0,1,0,0,0,0,1,2,3,6,4,5,10,7,8,11,13,9,14,12,32,18,28,15,17,16,27,29,20,31,30,21,22,23,19,25,24,26
"489",0,1,0,1,0,1,1,0,1,4,2,3,5,6,7,8,31,16,11,10,9,13,12,14,17,32,22,18,21,19,26,15,30,25,28,24,27,20,29,23
"490",0,0,0,1,1,0,1,0,1,2,3,5,4,6,7,9,8,11,31,10,15,17,16,12,13,30,14,32,28,29,20,19,22,27,25,21,18,23,26,24
"491",0,0,1,1,1,1,0,0,1,2,3,4,5,7,6,10,8,9,13,11,32,31,18,12,14,15,30,17,28,16,26,27,21,29,24,19,25,20,22,23
"492",1,1,0,1,1,0,1,0,32,1,2,3,4,5,6,7,8,9,10,11,12,13,14,15,16,17,18,19,20,21,22,23,24,25,26,27,28,29,30,31
"493",0,0,0,0,1,1,0,1,1,2,3,4,5,6,7,8,9,13,32,12,10,14,11,26,29,30,15,17,19,31,16,25,28,27,18,24,23,20,21,22
"494",0,0,1,1,0,1,0,1,1,2,4,3,5,6,9,7,8,29,12,32,10,11,30,23,13,14,20,31,25,17,15,16,27,19,21,18,28,24,22,26
"495",0,1,1,1,0,1,0,1,1,3,2,4,5,12,6,7,8,11,30,10,9,32,14,13,20,16,27,15,31,17,28,18,29,21,19,25,22,24,26,23
"496",1,0,1,1,1,1,1,0,1,2,4,3,7,5,6,8,31,9,11,10,27,17,32,19,12,25,18,14,15,30,13,16,22,21,28,20,26,29,24,23
"497",1,0,1,0,0,1,0,1,1,2,3,5,4,10,8,9,12,7,6,17,13,14,15,11,22,18,16,29,20,32,19,24,30,21,27,28,26,31,25,23
"498",1,0,1,0,0,0,0,0,1,2,3,5,4,6,7,8,14,9,11,13,12,19,32,15,10,31,28,23,16,27,30,20,24,18,29,17,25,26,21,22
"499",0,1,0,1,0,0,1,0,1,2,3,5,6,4,7,31,8,9,11,10,32,12,15,17,18,13,20,14,30,28,16,24,23,27,21,26,25,29,19,22
"500",0,1,1,1,0,1,1,1,1,2,5,3,4,6,7,13,8,9,11,12,20,10,16,32,14,17,31,26,15,27,21,18,28,22,19,30,23,25,24,29
